0000000000010101000000000000000000000000000000000000000000000000
0000000001100000000000000000000000000000000000000000000000000000
0000000000011101000000000000000000000000000000000000000000000000
0000000001100111000000000000000000000000000000000000000000000000
1111111110011001000000000000000000000000000000000000000000000000
1111111111100011000000000000000000000000000000000000000000000000
1111111110100000000000000000000000000000000000000000000000000000
1111111111101011000000000000000000000000000000000000000000000000
0111111111111111000000000000000000000000000000000000000000000000
0111111111111111000000000000000000000000000000000000000000000000
0111111111111111000000000000000000000000000000000000000000000000
0111111111111111000000000000000000000000000000000000000000000000
0111111111111111000000000000000000000000000000000000000000000000
0111111111111111000000000000000000000000000000000000000000000000
0111111111111111000000000000000000000000000000000000000000000000
0111111111111111000000000000000000000000000000000000000000000000
0000000000000000011111111111111100000000000000000000000000000000
0000000000000000011111111111111100000000000000000000000000000000
0000000000000000011111111111111100000000000000000000000000000000
0000000000000000011111111111111100000000000000000000000000000000
0000000000000000011111111111111100000000000000000000000000000000
0000000000000000011111111111111100000000000000000000000000000000
0000000000000000011111111111111100000000000000000000000000000000
0000000000000000011111111111111100000000000000000000000000000000
0000000000000000000000000000000001111111111111110000000000000000
0000000000000000000000000000000001111111111111110000000000000000
0000000000000000000000000000000001111111111111110000000000000000
0000000000000000000000000000000001111111111111110000000000000000
0000000000000000000000000000000001111111111111110000000000000000
0000000000000000000000000000000001111111111111110000000000000000
0000000000000000000000000000000001111111111111110000000000000000
0000000000000000000000000000000001111111111111110000000000000000
0000000000000000000000000000000000000000000000000111111111111111
0000000000000000000000000000000000000000000000000111111111111111
0000000000000000000000000000000000000000000000000111111111111111
0000000000000000000000000000000000000000000000000111111111111111
0000000000000000000000000000000000000000000000000111111111111111
0000000000000000000000000000000000000000000000000111111111111111
0000000000000000000000000000000000000000000000000111111111111111
0000000000000000000000000000000000000000000000000111111111111111
0000000000000000000000000000000000000000000000001111111111110100
0000000000000000000000000000000000000000000000001111111111001111
0000000000000000000000000000000000000000000000001111111111110001
0000000000000000000000000000000000000000000000001111111111001100
0000000000000000000000000000000000000000000000000000000000110100
0000000000000000000000000000000000000000000000000000000000001111
0000000000000000000000000000000000000000000000000000000000110001
0000000000000000000000000000000000000000000000000000000000001100
0111111111111111000000000000000000000000000000000000000000000011
0111111111111111000000000000000000000000000000001111111111100000
0111111111111111000000000000000000000000000000001111111111101011
0111111111111111000000000000000000000000000000001111111111000111
0111111111111111000000000000000000000000000000000000000000111001
0111111111111111000000000000000000000000000000000000000000010101
0111111111111111000000000000000000000000000000000000000000100000
0111111111111111000000000000000000000000000000001111111111111101
0000000000000000011111111111111100000000000000001111111111111111
0000000000000000011111111111111100000000000000001111111111010110
0000000000000000011111111111111100000000000000001111111111111011
0000000000000000011111111111111100000000000000001111111111010010
0000000000000000011111111111111100000000000000000000000000101110
0000000000000000011111111111111100000000000000000000000000000101
0000000000000000011111111111111100000000000000000000000000101010
0000000000000000011111111111111100000000000000000000000000000001
0000000000000000000000000000000001111111111111111111111111111001
0000000000000000000000000000000001111111111111111111111111011011
0000000000000000000000000000000001111111111111111111111111110101
0000000000000000000000000000000001111111111111111111111111011000
0000000000000000000000000000000001111111111111110000000000101000
0000000000000000000000000000000001111111111111110000000000001011
0000000000000000000000000000000001111111111111110000000000100101
0000000000000000000000000000000001111111111111110000000000000111
0000000000000000000000000000000001111111111111110000000000000000
0000000000000000000000000000000001111111111111110000000000000000
0000000000000000000000000000000001111111111111110000000000000000
0000000000000000000000000000000001111111111111110000000000000000
0000000000000000000000000000000001111111111111110000000000000000
0000000000000000000000000000000001111111111111110000000000000000
0000000000000000000000000000000001111111111111110000000000000000
0000000000000000000000000000000001111111111111110000000000000000
0111111111111111000000000000000000000000000000000000000000000000
0111111111111111000000000000000000000000000000000000000000000000
0111111111111111000000000000000000000000000000000000000000000000
0111111111111111000000000000000000000000000000000000000000000000
0111111111111111000000000000000000000000000000000000000000000000
0111111111111111000000000000000000000000000000000000000000000000
0111111111111111000000000000000000000000000000000000000000000000
0111111111111111000000000000000000000000000000000000000000000000
0000000000000000011111111111111100000000000000000000000000000000
0000000000000000011111111111111100000000000000000000000000000000
0000000000000000011111111111111100000000000000000000000000000000
0000000000000000011111111111111100000000000000000000000000000000
0000000000000000011111111111111100000000000000000000000000000000
0000000000000000011111111111111100000000000000000000000000000000
0000000000000000011111111111111100000000000000000000000000000000
0000000000000000011111111111111100000000000000000000000000000000
0000000000000000000000000000000011111111111101010111111111111111
0000000000000000000000000000000011111111110101010111111111111111
0000000000000000000000000000000011111111111100110111111111111111
0000000000000000000000000000000011111111110100110111111111111111
0000000000000000000000000000000000000000001011010111111111111111
0000000000000000000000000000000000000000000011010111111111111111
0000000000000000000000000000000000000000001010110111111111111111
0000000000000000000000000000000000000000000010110111111111111111
0000000000000000000000000000000000000000000000000111111111111111
0000000000000000000000000000000000000000000000000111111111111111
0000000000000000000000000000000000000000000000000111111111111111
0000000000000000000000000000000000000000000000000111111111111111
0000000000000000000000000000000000000000000000000111111111111111
0000000000000000000000000000000000000000000000000111111111111111
0000000000000000000000000000000000000000000000000111111111111111
0000000000000000000000000000000000000000000000000111111111111111
0111111111111111000000000000000000000000000000000111111111111111
0111111111111111000000000000000000000000000000000111111111111111
0111111111111111000000000000000000000000000000000111111111111111
0111111111111111000000000000000000000000000000000111111111111111
0111111111111111000000000000000000000000000000000111111111111111
0111111111111111000000000000000000000000000000000111111111111111
0111111111111111000000000000000000000000000000000111111111111111
0111111111111111000000000000000000000000000000000111111111111111
0000000000000000011111111111111100000000000000000111111111111111
0000000000000000011111111111111100000000000000000111111111111111
0000000000000000011111111111111100000000000000000111111111111111
0000000000000000011111111111111100000000000000000111111111111111
0000000000000000011111111111111100000000000000000111111111111111
0000000000000000011111111111111100000000000000000111111111111111
0000000000000000011111111111111100000000000000000111111111111111
0000000000000000011111111111111100000000000000000111111111111111
0000000000000000000000000000000001111111111111110111111111111111
0000000000000000000000000000000001111111111111110111111111111111
0000000000000000000000000000000001111111111111110111111111111111
0000000000000000000000000000000001111111111111110111111111111111
0000000000000000000000000000000001111111111111110111111111111111
0000000000000000000000000000000001111111111111110111111111111111
0000000000000000000000000000000001111111111111110111111111111111
0000000000000000000000000000000001111111111111110111111111111111
0111111111111111011111111111111101111111111111110111111111111111
0111111111111111011111111111111101111111111111110111111111111111
0111111111111111011111111111111101111111111111110111111111111111
0111111111111111011111111111111101111111111111110111111111111111
0111111111111111011111111111111101111111111111110111111111111111
0111111111111111011111111111111101111111111111110111111111111111
0111111111111111011111111111111101111111111111110111111111111111
0111111111111111011111111111111101111111111111110111111111111111
0111111111111111011111111111111101111111111111110111111111111111
0111111111111111011111111111111101111111111111110111111111111111
0111111111111111011111111111111101111111111111110111111111111111
0111111111111111011111111111111101111111111111110111111111111111
0111111111111111011111111111111101111111111111110111111111111111
0111111111111111011111111111111101111111111111110111111111111111
0111111111111111011111111111111101111111111111110111111111111111
0111111111111111011111111111111101111111111111110111111111111111
0111111111111111011111111111111101111111111111110111111111111111
0111111111111111011111111111111101111111111111110111111111111111
0111111111111111011111111111111101111111111111110111111111111111
0111111111111111011111111111111101111111111111110111111111111111
0111111111111111011111111111111101111111111111110111111111111111
0111111111111111011111111111111101111111111111110111111111111111
0111111111111111011111111111111101111111111111110111111111111111
0111111111111111011111111111111101111111111111110111111111111111
0111111111111111011111111111111101111111111111110111111111111111
0111111111111111011111111111111101111111111111110111111111111111
0111111111111111011111111111111101111111111111110111111111111111
0111111111111111011111111111111101111111111111110111111111111111
0111111111111111011111111111111101111111111111110111111111111111
0111111111111111011111111111111101111111111111110111111111111111
0111111111111111011111111111111101111111111111110111111111111111
0111111111111111011111111111111101111111111111110111111111111111
0111111111111111011111111111111101111111111111110111111111111111
0111111111111111011111111111111101111111111111110111111111111111
0111111111111111011111111111111101111111111111110111111111111111
0111111111111111011111111111111101111111111111110111111111111111
0111111111111111011111111111111101111111111111110111111111111111
0111111111111111011111111111111101111111111111110111111111111111
0111111111111111011111111111111101111111111111110111111111111111
0111111111111111011111111111111101111111111111110111111111111111
0111111111111111011111111111111101111111111111110111111111111111
0111111111111111011111111111111101111111111111110111111111111111
0111111111111111011111111111111101111111111111110111111111111111
0111111111111111011111111111111101111111111111110111111111111111
0111111111111111011111111111111101111111111111110111111111111111
0111111111111111011111111111111101111111111111110111111111111111
0111111111111111011111111111111101111111111111110111111111111111
0111111111111111011111111111111101111111111111110111111111111111
0111111111111111011111111111111101111111111111110111111111111111
0111111111111111011111111111111101111111111111110111111111111111
0111111111111111011111111111111101111111111111110111111111111111
0111111111111111011111111111111101111111111111110111111111111111
0111111111111111011111111111111101111111111111110111111111111111
0111111111111111011111111111111101111111111111110111111111111111
0111111111111111011111111111111101111111111111110111111111111111
0111111111111111011111111111111101111111111111110111111111111111
0111111111111111011111111111111101111111111111110111111111111111
0111111111111111011111111111111101111111111111110111111111111111
0111111111111111011111111111111101111111111111110111111111111111
0111111111111111011111111111111101111111111111110111111111111111
0111111111111111011111111111111101111111111111110111111111111111
0111111111111111011111111111111101111111111111110111111111111111
0111111111111111011111111111111101111111111111110111111111111111
0111111111111111011111111111111101111111111111110111111111111111
0111111111111111011111111111111101111111111111110111111111111111
0111111111111111011111111111111101111111111111110111111111111111
0111111111111111011111111111111101111111111111110111111111111111
0111111111111111011111111111111101111111111111110111111111111111
0111111111111111011111111111111101111111111111110111111111111111
0111111111111111011111111111111101111111111111110111111111111111
0111111111111111011111111111111101111111111111110111111111111111
0111111111111111011111111111111101111111111111110111111111111111
0111111111111111011111111111111101111111111111110111111111111111
0111111111111111011111111111111101111111111111110111111111111111
0111111111111111011111111111111101111111111111110111111111111111
0111111111111111011111111111111101111111111111110111111111111111
0111111111111111011111111111111101111111111111110111111111111111
0111111111111111011111111111111101111111111111110111111111111111
0111111111111111011111111111111101111111111111110111111111111111
0111111111111111011111111111111101111111111111110111111111111111
0111111111111111011111111111111101111111111111110111111111111111
0111111111111111011111111111111101111111111111110111111111111111
0111111111111111011111111111111101111111111111110111111111111111
0111111111111111011111111111111101111111111111110111111111111111
0111111111111111011111111111111101111111111111110111111111111111
0111111111111111011111111111111101111111111111110111111111111111
0111111111111111011111111111111101111111111111110111111111111111
0111111111111111011111111111111101111111111111110111111111111111
0111111111111111011111111111111101111111111111110111111111111111
0111111111111111011111111111111101111111111111110111111111111111
0111111111111111011111111111111101111111111111110111111111111111
0111111111111111011111111111111101111111111111110111111111111111
0111111111111111011111111111111101111111111111110111111111111111
0111111111111111011111111111111101111111111111110111111111111111
0111111111111111011111111111111101111111111111110111111111111111
0111111111111111011111111111111101111111111111110111111111111111
0000000001000101000000000000000000000000000000000000000000000000
0000000001010010000000000000000000000000000000000000000000000000
1111111110101110000000000000000000000000000000000000000000000000
1111111110111011000000000000000000000000000000000000000000000000
0000000000100111000000000000000001111111111111110000000000000000
0000000001100101000000000000000001111111111111110000000000000000
1111111110011011000000000000000001111111111111110000000000000000
1111111111011001000000000000000001111111111111110000000000000000
0000000000110110000000000000000000000000000000001111111111110100
0000000000110111000000000000000000000000000000001111111111110100
1111111111001001000000000000000000000000000000000000000000001100
1111111111001010000000000000000000000000000000000000000000001100
0000000000000000000000000000000001111111111111111111111111111010
0000000000000000000000000000000001111111111111111111111111111001
0000000000000000000000000000000001111111111111110000000000000111
0000000000000000000000000000000001111111111111110000000000000110
0000000000110111011111111111111100000000000000000000000000000000
0000000001010001011111111111111100000000000000000000000000000000
1111111110101111011111111111111100000000000000000000000000000000
1111111111001001011111111111111100000000000000000000000000000000
0000000000010110000000000000000001111111111111110000000000000000
0000000001100011000000000000000001111111111111110000000000000000
1111111110011101000000000000000001111111111111110000000000000000
1111111111101010000000000000000001111111111111110000000000000000
0000000000000000011111111111111101111111111111110000000000000000
0000000000000000011111111111111101111111111111110000000000000000
0000000000000000011111111111111101111111111111110000000000000000
0000000000000000011111111111111101111111111111110000000000000000
0000000000101110000000000000000000000000000000000111111111111111
0000000001000101000000000000000000000000000000000111111111111111
1111111110111011000000000000000000000000000000000111111111111111
1111111111010010000000000000000000000000000000000111111111111111
0000000000000000011111111111111100000000000000000111111111111111
0000000000000000011111111111111100000000000000000111111111111111
0000000000000000011111111111111100000000000000000111111111111111
0000000000000000011111111111111100000000000000000111111111111111
0000000000000000000000000000000001111111111111110111111111111111
0000000000000000000000000000000001111111111111110111111111111111
0000000000000000000000000000000001111111111111110111111111111111
0000000000000000000000000000000001111111111111110111111111111111
0111111111111111000000000000000000000000000000000000000000000000
0111111111111111000000000000000100000000000000000000000000000000
0111111111111111111111111111111100000000000000000000000000000000
0111111111111111000000000000000000000000000000000000000000000000
0000000000000000000000000000000011111111111001101111111111101111
0000000000000000000000000000000011111111111001101111111111101111
0000000000000000000000000000000000000000000110100000000000010001
0000000000000000000000000000000000000000000110100000000000010001
0111111111111111000000000000000011111111111101001111111111111000
0111111111111111000000000000000011111111111000101111111111101100
0111111111111111000000000000000000000000000111100000000000010100
0111111111111111000000000000000000000000000011000000000000001000
0000000000000000011111111111111111111111111011101111111111110101
0000000000000000011111111111111111111111111011011111111111110100
0000000000000000011111111111111100000000000100110000000000001100
0000000000000000011111111111111100000000000100100000000000001011
0111111111111111000000000000000000000000000000001111111111100000
0111111111111111000000000000000000000000000000001111111111010101
0111111111111111000000000000000000000000000000000000000000101011
0111111111111111000000000000000000000000000000000000000000100000
0000000000000000011111111111111100000000000000001111111111110011
0000000000000000011111111111111100000000000000001111111111001101
0000000000000000011111111111111100000000000000000000000000110011
0000000000000000011111111111111100000000000000000000000000001101
0111111111111111011111111111111100000000000000001111111111111111
0111111111111111011111111111111100000000000000001111111111010100
0111111111111111011111111111111100000000000000000000000000101100
0111111111111111011111111111111100000000000000000000000000000001
0000000000000000000000000000000001111111111111111111111111101001
0000000000000000000000000000000001111111111111111111111111011110
0000000000000000000000000000000001111111111111110000000000100010
0000000000000000000000000000000001111111111111110000000000010111
0111111111111111000000000000000001111111111111111111111111111001
0111111111111111000000000000000001111111111111111111111111011001
0111111111111111000000000000000001111111111111110000000000100111
0111111111111111000000000000000001111111111111110000000000000111
0000000000000000111111111110101001111111111111111111111111111000
0000000000000000111111111110100101111111111111111111111111111000
0000000000000000000000000001011101111111111111110000000000001000
0000000000000000000000000001011001111111111111110000000000001000
0000000000000000011111111111111101111111111111111111111111110011
0000000000000000011111111111111101111111111111111111111111101011
0000000000000000011111111111111101111111111111110000000000010101
0000000000000000011111111111111101111111111111110000000000001101
0111111111111111011111111111111100000000000000000000000000000000
0111111111111111011111111111111100000000000000000000000000000000
0111111111111111011111111111111100000000000000000000000000000000
0111111111111111011111111111111100000000000000000000000000000000
0111111111111111000000000000000001111111111111110000000000000000
0111111111111111000000000000000001111111111111110000000000000000
0111111111111111000000000000000001111111111111110000000000000000
0111111111111111000000000000000001111111111111110000000000000000
0000000000000000011111111111111101111111111111110000000000000000
0000000000000000011111111111111101111111111111110000000000000000
0000000000000000011111111111111101111111111111110000000000000000
0000000000000000011111111111111101111111111111110000000000000000
0000000000000000111111111110101011111111111100100111111111111111
0000000000000000111111111110101011111111111100010111111111111111
0000000000000000000000000001011000000000000011110111111111111111
0000000000000000000000000001011000000000000011100111111111111111
0000000000000000000000000000000011111111111001010111111111111111
0000000000000000000000000000000011111111110110100111111111111111
0000000000000000000000000000000000000000001001100111111111111111
0000000000000000000000000000000000000000000110110111111111111111
0111111111111111000000000000000011111111111101010111111111111111
0111111111111111000000000000000011111111110101000111111111111111
0111111111111111000000000000000000000000001011000111111111111111
0111111111111111000000000000000000000000000010110111111111111111
0000000000000000011111111111111111111111111011010111111111111111
0000000000000000011111111111111111111111111001000111111111111111
0000000000000000011111111111111100000000000111000111111111111111
0000000000000000011111111111111100000000000100110111111111111111
0111111111111111000000000000000000000000000000000111111111111111
0111111111111111000000000000000000000000000000000111111111111111
0111111111111111000000000000000000000000000000000111111111111111
0111111111111111000000000000000000000000000000000111111111111111
0000000000000000011111111111111100000000000000000111111111111111
0000000000000000011111111111111100000000000000000111111111111111
0000000000000000011111111111111100000000000000000111111111111111
0000000000000000011111111111111100000000000000000111111111111111
0111111111111111011111111111111100000000000000000111111111111111
0111111111111111011111111111111100000000000000000111111111111111
0111111111111111011111111111111100000000000000000111111111111111
0111111111111111011111111111111100000000000000000111111111111111
0000000000000000000000000000000001111111111111110111111111111111
0000000000000000000000000000000001111111111111110111111111111111
0000000000000000000000000000000001111111111111110111111111111111
0000000000000000000000000000000001111111111111110111111111111111
0111111111111111000000000000000001111111111111110111111111111111
0111111111111111000000000000000001111111111111110111111111111111
0111111111111111000000000000000001111111111111110111111111111111
0111111111111111000000000000000001111111111111110111111111111111
0000000000000000011111111111111101111111111111110111111111111111
0000000000000000011111111111111101111111111111110111111111111111
0000000000000000011111111111111101111111111111110111111111111111
0000000000000000011111111111111101111111111111110111111111111111
0111111111111111011111111111111101111111111111110111111111111111
0111111111111111011111111111111101111111111111110111111111111111
0111111111111111011111111111111101111111111111110111111111111111
0111111111111111011111111111111101111111111111110111111111111111
0111111111111111011111111111111101111111111111110111111111111111
0111111111111111011111111111111101111111111111110111111111111111
0111111111111111011111111111111101111111111111110111111111111111
0111111111111111011111111111111101111111111111110111111111111111
0111111111111111011111111111111101111111111111110111111111111111
0111111111111111011111111111111101111111111111110111111111111111
0111111111111111011111111111111101111111111111110111111111111111
0111111111111111011111111111111101111111111111110111111111111111
0111111111111111011111111111111101111111111111110111111111111111
0111111111111111011111111111111101111111111111110111111111111111
0111111111111111011111111111111101111111111111110111111111111111
0111111111111111011111111111111101111111111111110111111111111111
0111111111111111011111111111111101111111111111110111111111111111
0111111111111111011111111111111101111111111111110111111111111111
0111111111111111011111111111111101111111111111110111111111111111
0111111111111111011111111111111101111111111111110111111111111111
0111111111111111011111111111111101111111111111110111111111111111
0111111111111111011111111111111101111111111111110111111111111111
0111111111111111011111111111111101111111111111110111111111111111
0111111111111111011111111111111101111111111111110111111111111111
0111111111111111011111111111111101111111111111110111111111111111
0111111111111111011111111111111101111111111111110111111111111111
0111111111111111011111111111111101111111111111110111111111111111
0111111111111111011111111111111101111111111111110111111111111111
0111111111111111011111111111111101111111111111110111111111111111
0111111111111111011111111111111101111111111111110111111111111111
0111111111111111011111111111111101111111111111110111111111111111
0111111111111111011111111111111101111111111111110111111111111111
0111111111111111011111111111111101111111111111110111111111111111
0111111111111111011111111111111101111111111111110111111111111111
0111111111111111011111111111111101111111111111110111111111111111
0111111111111111011111111111111101111111111111110111111111111111
0111111111111111011111111111111101111111111111110111111111111111
0111111111111111011111111111111101111111111111110111111111111111
0111111111111111011111111111111101111111111111110111111111111111
0111111111111111011111111111111101111111111111110111111111111111
0111111111111111011111111111111101111111111111110111111111111111
0111111111111111011111111111111101111111111111110111111111111111
0111111111111111011111111111111101111111111111110111111111111111
0111111111111111011111111111111101111111111111110111111111111111
0111111111111111011111111111111101111111111111110111111111111111
0111111111111111011111111111111101111111111111110111111111111111
0111111111111111011111111111111101111111111111110111111111111111
0111111111111111011111111111111101111111111111110111111111111111
0111111111111111011111111111111101111111111111110111111111111111
0111111111111111011111111111111101111111111111110111111111111111
0111111111111111011111111111111101111111111111110111111111111111
0111111111111111011111111111111101111111111111110111111111111111
0111111111111111011111111111111101111111111111110111111111111111
0111111111111111011111111111111101111111111111110111111111111111
0111111111111111011111111111111101111111111111110111111111111111
0111111111111111011111111111111101111111111111110111111111111111
0111111111111111011111111111111101111111111111110111111111111111
0111111111111111011111111111111101111111111111110111111111111111
0111111111111111011111111111111101111111111111110111111111111111
0111111111111111011111111111111101111111111111110111111111111111
0111111111111111011111111111111101111111111111110111111111111111
0111111111111111011111111111111101111111111111110111111111111111
0111111111111111011111111111111101111111111111110111111111111111
0111111111111111011111111111111101111111111111110111111111111111
0111111111111111011111111111111101111111111111110111111111111111
0111111111111111011111111111111101111111111111110111111111111111
0111111111111111011111111111111101111111111111110111111111111111
0111111111111111011111111111111101111111111111110111111111111111
0111111111111111011111111111111101111111111111110111111111111111
0111111111111111011111111111111101111111111111110111111111111111
0111111111111111011111111111111101111111111111110111111111111111
0111111111111111011111111111111101111111111111110111111111111111
0111111111111111011111111111111101111111111111110111111111111111
0111111111111111011111111111111101111111111111110111111111111111
0111111111111111011111111111111101111111111111110111111111111111
0111111111111111011111111111111101111111111111110111111111111111
0111111111111111011111111111111101111111111111110111111111111111
0111111111111111011111111111111101111111111111110111111111111111
0111111111111111011111111111111101111111111111110111111111111111
0111111111111111011111111111111101111111111111110111111111111111
0111111111111111011111111111111101111111111111110111111111111111
0111111111111111011111111111111101111111111111110111111111111111
0111111111111111011111111111111101111111111111110111111111111111
0111111111111111011111111111111101111111111111110111111111111111
0111111111111111011111111111111101111111111111110111111111111111
0111111111111111011111111111111101111111111111110111111111111111
0111111111111111011111111111111101111111111111110111111111111111
0111111111111111011111111111111101111111111111110111111111111111
0111111111111111011111111111111101111111111111110111111111111111
0111111111111111011111111111111101111111111111110111111111111111
0111111111111111011111111111111101111111111111110111111111111111
0111111111111111011111111111111101111111111111110111111111111111
0111111111111111011111111111111101111111111111110111111111111111
0111111111111111011111111111111101111111111111110111111111111111
0111111111111111011111111111111101111111111111110111111111111111
0111111111111111011111111111111101111111111111110111111111111111
0111111111111111011111111111111101111111111111110111111111111111
0111111111111111011111111111111101111111111111110111111111111111
0111111111111111011111111111111101111111111111110111111111111111
0111111111111111011111111111111101111111111111110111111111111111
0111111111111111011111111111111101111111111111110111111111111111
0111111111111111011111111111111101111111111111110111111111111111
0111111111111111011111111111111101111111111111110111111111111111
0111111111111111011111111111111101111111111111110111111111111111
0111111111111111011111111111111101111111111111110111111111111111
0111111111111111011111111111111101111111111111110111111111111111
0111111111111111011111111111111101111111111111110111111111111111
0111111111111111011111111111111101111111111111110111111111111111
0111111111111111011111111111111101111111111111110111111111111111
0111111111111111011111111111111101111111111111110111111111111111
0111111111111111011111111111111101111111111111110111111111111111
0111111111111111011111111111111101111111111111110111111111111111
0111111111111111011111111111111101111111111111110111111111111111
0111111111111111011111111111111101111111111111110111111111111111
0111111111111111011111111111111101111111111111110111111111111111
0111111111111111011111111111111101111111111111110111111111111111
0111111111111111011111111111111101111111111111110111111111111111
0111111111111111011111111111111101111111111111110111111111111111
0111111111111111011111111111111101111111111111110111111111111111
0111111111111111011111111111111101111111111111110111111111111111
0111111111111111011111111111111101111111111111110111111111111111
0111111111111111011111111111111101111111111111110111111111111111
0111111111111111011111111111111101111111111111110111111111111111
0111111111111111011111111111111101111111111111110111111111111111
0111111111111111011111111111111101111111111111110111111111111111
0111111111111111011111111111111101111111111111110111111111111111
0111111111111111011111111111111101111111111111110111111111111111
0111111111111111011111111111111101111111111111110111111111111111
0111111111111111011111111111111101111111111111110111111111111111
0111111111111111011111111111111101111111111111110111111111111111
0111111111111111011111111111111101111111111111110111111111111111
0111111111111111011111111111111101111111111111110111111111111111
0111111111111111011111111111111101111111111111110111111111111111
0111111111111111011111111111111101111111111111110111111111111111
0111111111111111011111111111111101111111111111110111111111111111
0111111111111111011111111111111101111111111111110111111111111111
0000000000000000000000000000000000000000000000000000000000000000
0000000000000000000000000000000000000000000000000000000000000000
0000000001001010000000000000000001111111111111110000000000000000
1111111110110110000000000000000001111111111111110000000000000000
0000000000111111000000000000000000000000000000000111111111111111
1111111111000001000000000000000000000000000000000111111111111111
1111111111110111011111111111111100000000000000000000000000000000
0000000000001001011111111111111100000000000000000000000000000000
0000000000111111011111111111111100000000000000001111111111110011
1111111111000001011111111111111100000000000000000000000000001101
0111111111111111000000000000000001111111111111111111111111111010
0111111111111111000000000000000001111111111111110000000000000110
0111111111111111011111111111111100000000000000000000000000000000
0111111111111111011111111111111100000000000000000000000000000000
0000000001001111011111111111111101111111111111110000000000000000
1111111110110001011111111111111101111111111111110000000000000000
0000000001000011011111111111111100000000000000000111111111111111
1111111110111101011111111111111100000000000000000111111111111111
0000000000111000000000000000000001111111111111110111111111111111
1111111111001000000000000000000001111111111111110111111111111111
0000000000000000011111111111111101111111111111110111111111111111
0000000000000000011111111111111101111111111111110111111111111111
0111111111111111000000000000000000000000000000000000000000000000
0111111111111111000000000000000000000000000000000000000000000000
0111111111111111000000000000000001111111111111110000000000000000
0111111111111111000000000000000001111111111111110000000000000000
0111111111111111000000000000000000000000000000000111111111111111
0111111111111111000000000000000000000000000000000111111111111111
0111111111111111000000000000000001111111111111110111111111111111
0111111111111111000000000000000001111111111111110111111111111111
0000000000000000111111111110100011111111111100001111111111110111
0000000000000000000000000001100000000000000100000000000000001001
0111111111111111000000000000000011111111111101001111111111111010
0111111111111111000000000000000000000000000011000000000000000110
0111111111111111000000000000000011111111111000011111111111101100
0111111111111111000000000000000000000000000111110000000000010100
0000000000000000011111111111111111111111111001101111111111110000
0000000000000000011111111111111100000000000110100000000000010000
0111111111111111011111111111111100000000000000001111111111110111
0111111111111111011111111111111100000000000000000000000000001001
0111111111111111011111111111111100000000000000001111111111011001
0111111111111111011111111111111100000000000000000000000000100111
0000000000000000111111111110011001111111111111111111111111110110
0000000000000000000000000001101001111111111111110000000000001010
0111111111111111000000000000000001111111111111111111111111011101
0111111111111111000000000000000001111111111111110000000000100011
0000000000000000011111111111111101111111111111111111111111101001
0000000000000000011111111111111101111111111111110000000000010111
0111111111111111011111111111111101111111111111110000000000000000
0111111111111111011111111111111101111111111111110000000000000000
0111111111111111000000000000000011111111110111100111111111111111
0111111111111111000000000000000000000000001000100111111111111111
0000000000000000011111111111111111111111111000110111111111111111
0000000000000000011111111111111100000000000111010111111111111111
0111111111111111011111111111111100000000000000000111111111111111
0111111111111111011111111111111100000000000000000111111111111111
0111111111111111011111111111111101111111111111110111111111111111
0111111111111111011111111111111101111111111111110111111111111111
0111111111111111011111111111111101111111111111110111111111111111
0111111111111111011111111111111101111111111111110111111111111111
0111111111111111011111111111111101111111111111110111111111111111
0111111111111111011111111111111101111111111111110111111111111111
0111111111111111011111111111111101111111111111110111111111111111
0111111111111111011111111111111101111111111111110111111111111111
0111111111111111011111111111111101111111111111110111111111111111
0111111111111111011111111111111101111111111111110111111111111111
0111111111111111011111111111111101111111111111110111111111111111
0111111111111111011111111111111101111111111111110111111111111111
0111111111111111011111111111111101111111111111110111111111111111
0111111111111111011111111111111101111111111111110111111111111111
0111111111111111011111111111111101111111111111110111111111111111
0111111111111111011111111111111101111111111111110111111111111111
0111111111111111011111111111111101111111111111110111111111111111
0111111111111111011111111111111101111111111111110111111111111111
0111111111111111011111111111111101111111111111110111111111111111
0111111111111111011111111111111101111111111111110111111111111111
0111111111111111011111111111111101111111111111110111111111111111
0111111111111111011111111111111101111111111111110111111111111111
0111111111111111011111111111111101111111111111110111111111111111
0111111111111111011111111111111101111111111111110111111111111111
0111111111111111011111111111111101111111111111110111111111111111
0111111111111111011111111111111101111111111111110111111111111111
0111111111111111011111111111111101111111111111110111111111111111
0111111111111111011111111111111101111111111111110111111111111111
0111111111111111011111111111111101111111111111110111111111111111
0111111111111111011111111111111101111111111111110111111111111111
0111111111111111011111111111111101111111111111110111111111111111
0111111111111111011111111111111101111111111111110111111111111111
0111111111111111011111111111111101111111111111110111111111111111
0111111111111111011111111111111101111111111111110111111111111111
0111111111111111011111111111111101111111111111110111111111111111
0111111111111111011111111111111101111111111111110111111111111111
0111111111111111011111111111111101111111111111110111111111111111
0111111111111111011111111111111101111111111111110111111111111111
0111111111111111011111111111111101111111111111110111111111111111
0111111111111111011111111111111101111111111111110111111111111111
0111111111111111011111111111111101111111111111110111111111111111
0111111111111111011111111111111101111111111111110111111111111111
0111111111111111011111111111111101111111111111110111111111111111
0111111111111111011111111111111101111111111111110111111111111111
0111111111111111011111111111111101111111111111110111111111111111
0111111111111111011111111111111101111111111111110111111111111111
0111111111111111011111111111111101111111111111110111111111111111
0111111111111111011111111111111101111111111111110111111111111111
0111111111111111011111111111111101111111111111110111111111111111
0111111111111111011111111111111101111111111111110111111111111111
0111111111111111011111111111111101111111111111110111111111111111
0111111111111111011111111111111101111111111111110111111111111111
0111111111111111011111111111111101111111111111110111111111111111
0111111111111111011111111111111101111111111111110111111111111111
0111111111111111011111111111111101111111111111110111111111111111
0111111111111111011111111111111101111111111111110111111111111111
0111111111111111011111111111111101111111111111110111111111111111
0111111111111111011111111111111101111111111111110111111111111111
0111111111111111011111111111111101111111111111110111111111111111
0111111111111111011111111111111101111111111111110111111111111111
0111111111111111011111111111111101111111111111110111111111111111
0111111111111111011111111111111101111111111111110111111111111111
0000000000000000000000000000000000000000000000000000000000000000
0000000000000000000000000000000000000000000000000111111111111111
0000000000000000000000000000000001111111111111110000000000000000
0000000000000000000000000000000001111111111111110111111111111111
0000000000000000011111111111111100000000000000000000000000000000
0000000000000000011111111111111100000000000000000111111111111111
0000000000000000011111111111111101111111111111110000000000000000
0000000000000000011111111111111101111111111111110000000000000000
0111111111111111000000000000000000000000000000000000000000000000
0111111111111111000000000000000000000000000000000111111111111111
0111111111111111000000000000000001111111111111110000000000000000
0111111111111111011111111111111100000000000000000000000000000000
0111111111111111000000000000000000000000000000000000000000000000
0111111111111111011111111111111100000000000000000000000000000000
0111111111111111000000000000000000000000000000000111111111111111
0111111111111111011111111111111101111111111111110111111111111111
0111111111111111011111111111111101111111111111110111111111111111
0111111111111111011111111111111101111111111111110111111111111111
0111111111111111011111111111111101111111111111110111111111111111
0111111111111111011111111111111101111111111111110111111111111111
0111111111111111000000000000000001111111111111110000000000000000
0111111111111111011111111111111101111111111111110111111111111111
0111111111111111011111111111111101111111111111110111111111111111
0111111111111111011111111111111101111111111111110111111111111111
0111111111111111011111111111111101111111111111110111111111111111
0111111111111111011111111111111101111111111111110111111111111111
0111111111111111011111111111111101111111111111110111111111111111
0111111111111111011111111111111101111111111111110111111111111111
0111111111111111011111111111111101111111111111110111111111111111
0111111111111111011111111111111101111111111111110111111111111111
0111111111111111011111111111111101111111111111110111111111111111
0111111111111111011111111111111101111111111111110111111111111111
0111111111111111011111111111111101111111111111110111111111111111
0111111111111111011111111111111101111111111111110111111111111111
0111111111111111011111111111111101111111111111110111111111111111
0111111111111111011111111111111101111111111111110111111111111111
0111111111111111011111111111111101111111111111110111111111111111
0111111111111111011111111111111101111111111111110111111111111111
0111111111111111011111111111111101111111111111110111111111111111
0111111111111111011111111111111101111111111111110111111111111111
0111111111111111011111111111111101111111111111110111111111111111
0111111111111111011111111111111101111111111111110111111111111111
0111111111111111011111111111111101111111111111110111111111111111
0111111111111111011111111111111101111111111111110111111111111111
0111111111111111011111111111111101111111111111110111111111111111
0111111111111111011111111111111101111111111111110111111111111111
