00000000000000000000000000111111111111111011111111111100
00000000000000111111111111111111111111100000000000001111
00000000000000111111111101000000000001100011111111110110
00000000000000111111111011110000000001001000000000001001
00000000000000000000000100011111111110111011111111110111
00000000000000000000000011001111111110100000000000001010
00000000000000000000000000010000000000100011111111110001
00000000000000111111111111010000000000001000000000000100
01111111111111000000000001111111111110110111111111100100
01111111111111111111111110011111111101010100000000111111
01111111111111111111110011100000000101110111111111010010
01111111111111111111110000000000000100011100000000100100
01111111111111000000010000001111111011100111111111011100
01111111111111000000001100101111111010001100000000101110
01111111111111000000000001110000000010101111111111000001
01111111111111111111111110010000000001001100000000011100
00000000000010011111111111111111111111110011111111111101
00000000000000011111111111111111111111011100000000001011
11111111111010011111111111110000000001001011111111111000
11111111111000011111111111110000000000110100000000000101
00000000001000011111111111111111111111001111111111111011
00000000000110011111111111111111111110111000000000001000
00000000000000011111111111110000000000100111111111110101
11111111111110011111111111110000000000010000000000000011
00000000000011111111111111100111111111111111111111111101
00000000000001111111111110010111111111111100000000001010
11111111110000000000000110010111111111111111111111111000
11111111101111000000000101010111111111111100000000000101
00000000010001111111111010110111111111111111111111111011
00000000010000111111111001110111111111111100000000001000
11111111111111000000000001110111111111111111111111110110
11111111111101000000000000100111111111111100000000000011
00000000000010111111111111101111111111110101111111111111
11111111111111111111111110010000000000110101111111111111
11111111110110000000000101001111111111100001111111111111
11111111110001000000000011110000000000011101111111111111
00000000001111111111111100011111111111100101111111111111
00000000001010111111111011000000000000100001111111111111
00000000000001000000000001111111111111001101111111111111
11111111111110000000000000100000000000001101111111111111
00000000000101111111111110111111111111100000000000000111
11111111111110111111111100100000000001100111111111111111
11111111101101000000001001101111111110111100000000000000
11111111100101000000000111000000000000111111111111111001
00000000011011111111111001001111111111000100000000000111
00000000010011111111110110100000000001000100000000000000
00000000000010000000000011101111111110011100000000000001
11111111111011000000000001010000000000100011111111111001
01111111111111000000000001101111111111011100000000001000
01111111111111000000000000010000000001100011111111111111
01111111111111111111111100111111111110110100000000000000
01111111111111111111111011100000000000110011111111110111
01111111111111000000000100101111111111010000000000001001
01111111111111000000000011010000000001001100000000000000
01111111111111111111111111111111111110100000000000000001
01111111111111111111111110100000000000100111111111111000
00000000000110011111111111111111111111011000000000000111
00000000000100011111111111110000000001011011111111111101
11111111100001011111111111111111111110110100000000000000
11111111011110011111111111110000000000110011111111110111
00000000100010011111111111111111111111010000000000001001
00000000011111011111111111110000000001001100000000000000
11111111111100011111111111111111111110101000000000000011
11111111111010011111111111110000000000101011111111111001
00000000001001111111111101010111111111111100000000000101
11111111111101000000001001000111111111111111111111111100
11111111100101111111111010000111111111111100000000000000
11111111011001000000000101010111111111111111111111110111
00000000100111111111111010110111111111111100000000001001
00000000011011000000000110000111111111111100000000000000
00000000000011111111110111000111111111111100000000000100
11111111110111000000000010110111111111111111111111111011
00000000001101111111111110000111111111111111111111101111
00000000001001111111110110100111111111111100000000101110
11111111000010000000011001010111111111111111111111011010
11111110111101000000010011100111111111111100000000010001
00000001000011111111101100100111111111111111111111101111
00000000111110111111100110110111111111111100000000100110
11111111110111000000001001100111111111111111111111010010
11111111110011000000000010000111111111111100000000010001
01111111111111000000000100001111111111100011111111101111
01111111111111111111111110111111111101011000000001000011
01111111111111111111110011110000000110000111111111010100
01111111111111111111101110110000000100001100000000100000
01111111111111000000010001011111111011110111111111100000
01111111111111000000001100011111111001111100000000101100
01111111111111000000000001010000000010101011111110111101
01111111111111111111111100000000000000100000000000010001
00000000001110011111111111111111111111001011111111110010
00000000000100011111111111111111111101001100000000110100
11111111100101011111111111110000000100110111111111010101
11111111011100011111111111110000000011000000000000010100
00000000100100011111111111111111111101000011111111101100
00000000011011011111111111111111111011001100000000101011
11111111111100011111111111110000000010110111111111001100
11111111110010011111111111110000000000111000000000001110
00000000000101111111111110000000000000011101111111111111
11111111111110000000000110011111111111111101111111111111
11111111101101111111111011110000000000000001111111111111
11111111100101000000000011111111111111100101111111111111
00000000011011111111111100010000000000011101111111111111
00000000010011000000000100010000000000000001111111111111
00000000000010111111111001110000000000000101111111111111
11111111111011000000000010001111111111100101111111111111
00000000001110111111111110011111111111000101111111111111
11111111111100111111110110110000000011101001111111111111
11111111010101000000010101101111111101100001111111111111
11111111000011000000001110110000000001110001111111111111
00000000111101111111110001011111111110010001111111111111
00000000101011111111101010100000000010100001111111111111
00000000000100000000001001011111111100011001111111111111
11111111110010000000000001110000000000111101111111111111
01111111111111000000000010111111111111010001111111111111
01111111111111000000000000110000000010110101111111111111
01111111111111111111111010011111111101101101111111111111
01111111111111111111111000010000000001000101111111111111
01111111111111000000000111111111111110111101111111111111
01111111111111000000000101110000000010010101111111111111
01111111111111111111111111011111111101001101111111111111
01111111111111111111111101010000000000110001111111111111
00000000001011011111111111111111111111001001111111111111
00000000001000011111111111110000000010011101111111111111
11111111001001011111111111111111111101111001111111111111
11111111000100011111111111110000000000111101111111111111
00000000111100011111111111111111111111000101111111111111
00000000110111011111111111110000000010001001111111111111
11111111111000011111111111111111111101100101111111111111
11111111110101011111111111110000000000111001111111111111
00000000001011111111111101000111111111111101111111111111
11111111111100000000001100100111111111111101111111111111
11111111011010111111110111010111111111111101111111111111
11111111001010000000000110000111111111111101111111111111
00000000110110111111111010000111111111111101111111111111
00000000100110000000001000110111111111111101111111111111
00000000000100111111110011100111111111111101111111111111
11111111110101000000000011000111111111111101111111111111
01111111111111011111111111110111111111111101111111111111
01111111111111011111111111110111111111111101111111111111
01111111111111011111111111110111111111111101111111111111
01111111111111011111111111110111111111111101111111111111
01111111111111011111111111110111111111111101111111111111
01111111111111011111111111110111111111111101111111111111
01111111111111011111111111110111111111111101111111111111
01111111111111011111111111110111111111111101111111111111
01111111111111011111111111110111111111111101111111111111
01111111111111011111111111110111111111111101111111111111
01111111111111011111111111110111111111111101111111111111
01111111111111011111111111110111111111111101111111111111
01111111111111011111111111110111111111111101111111111111
01111111111111011111111111110111111111111101111111111111
01111111111111011111111111110111111111111101111111111111
01111111111111011111111111110111111111111101111111111111
01111111111111011111111111110111111111111101111111111111
01111111111111011111111111110111111111111101111111111111
01111111111111011111111111110111111111111101111111111111
01111111111111011111111111110111111111111101111111111111
01111111111111011111111111110111111111111101111111111111
01111111111111011111111111110111111111111101111111111111
01111111111111011111111111110111111111111101111111111111
01111111111111011111111111110111111111111101111111111111
01111111111111011111111111110111111111111101111111111111
01111111111111011111111111110111111111111101111111111111
01111111111111011111111111110111111111111101111111111111
01111111111111011111111111110111111111111101111111111111
01111111111111011111111111110111111111111101111111111111
01111111111111011111111111110111111111111101111111111111
01111111111111011111111111110111111111111101111111111111
01111111111111011111111111110111111111111101111111111111
01111111111111011111111111110111111111111101111111111111
01111111111111011111111111110111111111111101111111111111
01111111111111011111111111110111111111111101111111111111
01111111111111011111111111110111111111111101111111111111
01111111111111011111111111110111111111111101111111111111
01111111111111011111111111110111111111111101111111111111
01111111111111011111111111110111111111111101111111111111
01111111111111011111111111110111111111111101111111111111
01111111111111011111111111110111111111111101111111111111
01111111111111011111111111110111111111111101111111111111
01111111111111011111111111110111111111111101111111111111
01111111111111011111111111110111111111111101111111111111
01111111111111011111111111110111111111111101111111111111
01111111111111011111111111110111111111111101111111111111
01111111111111011111111111110111111111111101111111111111
01111111111111011111111111110111111111111101111111111111
01111111111111011111111111110111111111111101111111111111
01111111111111011111111111110111111111111101111111111111
01111111111111011111111111110111111111111101111111111111
01111111111111011111111111110111111111111101111111111111
01111111111111011111111111110111111111111101111111111111
01111111111111011111111111110111111111111101111111111111
01111111111111011111111111110111111111111101111111111111
01111111111111011111111111110111111111111101111111111111
01111111111111011111111111110111111111111101111111111111
01111111111111011111111111110111111111111101111111111111
01111111111111011111111111110111111111111101111111111111
01111111111111011111111111110111111111111101111111111111
01111111111111011111111111110111111111111101111111111111
01111111111111011111111111110111111111111101111111111111
01111111111111011111111111110111111111111101111111111111
01111111111111011111111111110111111111111101111111111111
01111111111111011111111111110111111111111101111111111111
01111111111111011111111111110111111111111101111111111111
01111111111111011111111111110111111111111101111111111111
01111111111111011111111111110111111111111101111111111111
01111111111111011111111111110111111111111101111111111111
01111111111111011111111111110111111111111101111111111111
01111111111111011111111111110111111111111101111111111111
01111111111111011111111111110111111111111101111111111111
01111111111111011111111111110111111111111101111111111111
01111111111111011111111111110111111111111101111111111111
01111111111111011111111111110111111111111101111111111111
01111111111111011111111111110111111111111101111111111111
01111111111111011111111111110111111111111101111111111111
01111111111111011111111111110111111111111101111111111111
01111111111111011111111111110111111111111101111111111111
01111111111111011111111111110111111111111101111111111111
01111111111111011111111111110111111111111101111111111111
01111111111111011111111111110111111111111101111111111111
01111111111111011111111111110111111111111101111111111111
01111111111111011111111111110111111111111101111111111111
01111111111111011111111111110111111111111101111111111111
01111111111111011111111111110111111111111101111111111111
01111111111111011111111111110111111111111101111111111111
01111111111111011111111111110111111111111101111111111111
01111111111111011111111111110111111111111101111111111111
01111111111111011111111111110111111111111101111111111111
01111111111111011111111111110111111111111101111111111111
01111111111111011111111111110111111111111101111111111111
01111111111111011111111111110111111111111101111111111111
01111111111111011111111111110111111111111101111111111111
01111111111111011111111111110111111111111101111111111111
01111111111111011111111111110111111111111101111111111111
00000000000000000000000000011111111111111111111111111010
00000000000000000000000000001111111111001100000000010010
00000000000000000000000000000000000000110111111111101110
00000000000000111111111111110000000000000100000000000110
00000000000000000000000000000111111111111111111111111010
00000000000000111111111110010111111111111100000000001101
00000000000000000000000001110111111111111111111111110011
00000000000000000000000000000111111111111100000000000110
00000000000000000000000000001111111111111000000000000010
00000000000000111111111110010000000000101000000000000000
00000000000000000000000001111111111111011000000000000000
00000000000000000000000000000000000000001011111111111110
00000000000000111111111111100111111111111100000000000001
11111111111000000000000011000111111111111100000000000000
00000000001000111111111101000111111111111100000000000000
00000000000000000000000000100111111111111111111111111111
00000000000000011111111111110000000000000111111111111101
00000000000000011111111111111111111111001100000000010010
00000000000000011111111111110000000000110111111111101110
00000000000000011111111111111111111111111100000000000011
00000000000000000000000000010111111111111111111111111100
00000000000000111111111110010111111111111100000000001101
00000000000000000000000001110111111111111111111111110011
00000000000000111111111111110111111111111100000000000100
00000000000001011111111111110111111111111111111111111100
11111111111101011111111111110111111111111100000000001000
00000000000011011111111111110111111111111111111111111000
11111111111111011111111111110111111111111100000000000100
00000000000000000000000000011111111111110101111111111111
00000000000000111111111101010000000001000001111111111111
00000000000000000000000010111111111111000001111111111111
00000000000000111111111111110000000000001101111111111111
00000000000001011111111111111111111111110001111111111111
11111111111011011111111111110000000000101101111111111111
00000000000101011111111111111111111111010101111111111111
11111111111111011111111111110000000000010001111111111111
00000000000001111111111111100111111111111101111111111111
11111111110111000000000011010111111111111101111111111111
00000000001001111111111100110111111111111101111111111111
11111111111111000000000000100111111111111101111111111111
01111111111111000000000001011111111111101111111111100011
01111111111111000000000000001111111100011100000001001011
01111111111111000000000000000000000011100111111110110101
01111111111111111111111110110000000000010100000000011101
00000000000000111111111110110000000000010100000000000001
11111111110010000000000101010000000000000011111111111110
00000000001110111111111010110000000000000000000000000010
00000000000000000000000001011111111111101111111111111111
01111111111111000000000000100000000000010000000000000001
01111111111111111111111101111111111111111111111111111101
01111111111111000000000010010000000000000100000000000011
01111111111111111111111111101111111111110011111111111111
00000000000011011111111111110000000000001100000000000000
11111111101010011111111111111111111111111011111111111110
00000000010110011111111111110000000000001000000000000010
11111111111101011111111111111111111111110100000000000000
01111111111111000000000000011111111111101000000000000110
01111111111111111111111011110000000001100011111111111111
01111111111111000000000100011111111110100000000000000001
01111111111111111111111111110000000000011011111111111010
00000000000010011111111111111111111111011100000000000110
11111111110110011111111111110000000001011011111111111101
00000000001010011111111111111111111110101000000000000011
11111111111110011111111111110000000000100111111111111010
01111111111111011111111111110000000000001000000000000110
01111111111111011111111111111111111111101011111111111011
01111111111111011111111111110000000000011000000000000101
01111111111111011111111111111111111111111011111111111010
00000000000011111111111110010111111111111100000000000101
11111111100111000000001000110111111111111111111111111101
00000000011001111111110111010111111111111100000000000011
11111111111101000000000001110111111111111111111111111011
01111111111111000000000001010111111111111100000000000101
01111111111111111111111100000111111111111111111111111010
01111111111111000000000100000111111111111100000000000110
01111111111111111111111110110111111111111111111111111011
00000000000001000000000001100111111111111100000000000000
11111111101111000000000000000111111111111111111111111110
00000000010001000000000000000111111111111100000000000010
11111111111111111111111110100111111111111100000000000000
00000000000101011111111111110111111111111100000000000011
11111111100000011111111111110111111111111111111111111100
00000000100000011111111111110111111111111100000000000100
11111111111011011111111111110111111111111111111111111101
01111111111111011111111111110000000000101111111111110001
01111111111111011111111111111111111100011000000001001101
01111111111111011111111111110000000011101011111110110011
01111111111111011111111111111111111111010100000000001111
01111111111111000000000010110111111111111111111111101100
01111111111111111111111000000111111111111100000000111000
01111111111111000000001000000111111111111111111111001000
01111111111111111111111101010111111111111100000000010100
00000000000111011111111111110111111111111111111111101101
11111111110000011111111111110111111111111100000000100110
00000000010000011111111111110111111111111111111111011010
11111111111001011111111111110111111111111100000000010011
00000000000001000000000001010000000000000101111111111111
11111111110001000000000000001111111111111001111111111111
00000000001111000000000000000000000000001001111111111111
11111111111111111111111110111111111111111101111111111111
00000000000001111111111110100000000000011001111111111111
11111111101111000000000110001111111111111101111111111111
00000000010001111111111010000000000000000101111111111111
11111111111111000000000001101111111111101001111111111111
01111111111111000000000000100000000000011001111111111111
01111111111111111111111101011111111111110101111111111111
01111111111111000000000010110000000000001101111111111111
01111111111111111111111111101111111111101001111111111111
00000000000011011111111111110000000000010001111111111111
11111111101000011111111111111111111111110101111111111111
00000000011000011111111111110000000000001101111111111111
11111111111101011111111111111111111111110001111111111111
01111111111111000000000010011111111111010001111111111111
01111111111111111111110011010000000100010001111111111111
01111111111111000000001100111111111011110001111111111111
01111111111111111111111101110000000000110001111111111111
00000000001001011111111111111111111110111101111111111111
11111111100101011111111111110000000011000101111111111111
00000000011011011111111111111111111100111101111111111111
11111111110111011111111111110000000001000101111111111111
01111111111111011111111111110000000000011001111111111111
01111111111111011111111111111111111111001001111111111111
01111111111111011111111111110000000000111001111111111111
01111111111111011111111111111111111111101001111111111111
00000000001000111111111101010111111111111101111111111111
11111111010100000000001110110111111111111101111111111111
00000000101100111111110001010111111111111101111111111111
11111111111000000000000010110111111111111101111111111111
01111111111111000000000010000111111111111101111111111111
01111111111111111111111010010111111111111101111111111111
01111111111111000000000101110111111111111101111111111111
01111111111111111111111110000111111111111101111111111111
00000000000110011111111111110111111111111101111111111111
11111111011010011111111111110111111111111101111111111111
00000000100110011111111111110111111111111101111111111111
11111111111010011111111111110111111111111101111111111111
01111111111111011111111111110111111111111101111111111111
01111111111111011111111111110111111111111101111111111111
01111111111111011111111111110111111111111101111111111111
01111111111111011111111111110111111111111101111111111111
01111111111111011111111111110111111111111101111111111111
01111111111111011111111111110111111111111101111111111111
01111111111111011111111111110111111111111101111111111111
01111111111111011111111111110111111111111101111111111111
01111111111111011111111111110111111111111101111111111111
01111111111111011111111111110111111111111101111111111111
01111111111111011111111111110111111111111101111111111111
01111111111111011111111111110111111111111101111111111111
01111111111111011111111111110111111111111101111111111111
01111111111111011111111111110111111111111101111111111111
01111111111111011111111111110111111111111101111111111111
01111111111111011111111111110111111111111101111111111111
01111111111111011111111111110111111111111101111111111111
01111111111111011111111111110111111111111101111111111111
01111111111111011111111111110111111111111101111111111111
01111111111111011111111111110111111111111101111111111111
01111111111111011111111111110111111111111101111111111111
01111111111111011111111111110111111111111101111111111111
01111111111111011111111111110111111111111101111111111111
01111111111111011111111111110111111111111101111111111111
01111111111111011111111111110111111111111101111111111111
01111111111111011111111111110111111111111101111111111111
01111111111111011111111111110111111111111101111111111111
01111111111111011111111111110111111111111101111111111111
01111111111111011111111111110111111111111101111111111111
01111111111111011111111111110111111111111101111111111111
01111111111111011111111111110111111111111101111111111111
01111111111111011111111111110111111111111101111111111111
01111111111111011111111111110111111111111101111111111111
01111111111111011111111111110111111111111101111111111111
01111111111111011111111111110111111111111101111111111111
01111111111111011111111111110111111111111101111111111111
01111111111111011111111111110111111111111101111111111111
01111111111111011111111111110111111111111101111111111111
01111111111111011111111111110111111111111101111111111111
01111111111111011111111111110111111111111101111111111111
01111111111111011111111111110111111111111101111111111111
01111111111111011111111111110111111111111101111111111111
01111111111111011111111111110111111111111101111111111111
01111111111111011111111111110111111111111101111111111111
01111111111111011111111111110111111111111101111111111111
01111111111111011111111111110111111111111101111111111111
01111111111111011111111111110111111111111101111111111111
01111111111111011111111111110111111111111101111111111111
01111111111111011111111111110111111111111101111111111111
01111111111111011111111111110111111111111101111111111111
01111111111111011111111111110111111111111101111111111111
01111111111111011111111111110111111111111101111111111111
01111111111111011111111111110111111111111101111111111111
01111111111111011111111111110111111111111101111111111111
01111111111111011111111111110111111111111101111111111111
01111111111111011111111111110111111111111101111111111111
01111111111111011111111111110111111111111101111111111111
01111111111111011111111111110111111111111101111111111111
01111111111111011111111111110111111111111101111111111111
01111111111111011111111111110111111111111101111111111111
01111111111111011111111111110111111111111101111111111111
01111111111111011111111111110111111111111101111111111111
01111111111111011111111111110111111111111101111111111111
01111111111111011111111111110111111111111101111111111111
01111111111111011111111111110111111111111101111111111111
01111111111111011111111111110111111111111101111111111111
01111111111111011111111111110111111111111101111111111111
01111111111111011111111111110111111111111101111111111111
01111111111111011111111111110111111111111101111111111111
01111111111111011111111111110111111111111101111111111111
01111111111111011111111111110111111111111101111111111111
01111111111111011111111111110111111111111101111111111111
01111111111111011111111111110111111111111101111111111111
01111111111111011111111111110111111111111101111111111111
01111111111111011111111111110111111111111101111111111111
01111111111111011111111111110111111111111101111111111111
01111111111111011111111111110111111111111101111111111111
01111111111111011111111111110111111111111101111111111111
01111111111111011111111111110111111111111101111111111111
01111111111111011111111111110111111111111101111111111111
01111111111111011111111111110111111111111101111111111111
01111111111111011111111111110111111111111101111111111111
01111111111111011111111111110111111111111101111111111111
01111111111111011111111111110111111111111101111111111111
01111111111111011111111111110111111111111101111111111111
01111111111111011111111111110111111111111101111111111111
01111111111111011111111111110111111111111101111111111111
01111111111111011111111111110111111111111101111111111111
01111111111111011111111111110111111111111101111111111111
01111111111111011111111111110111111111111101111111111111
01111111111111011111111111110111111111111101111111111111
01111111111111011111111111110111111111111101111111111111
01111111111111011111111111110111111111111101111111111111
01111111111111011111111111110111111111111101111111111111
01111111111111011111111111110111111111111101111111111111
01111111111111011111111111110111111111111101111111111111
01111111111111011111111111110111111111111101111111111111
01111111111111011111111111110111111111111101111111111111
01111111111111011111111111110111111111111101111111111111
01111111111111011111111111110111111111111101111111111111
01111111111111011111111111110111111111111101111111111111
01111111111111011111111111110111111111111101111111111111
01111111111111011111111111110111111111111101111111111111
01111111111111011111111111110111111111111101111111111111
01111111111111011111111111110111111111111101111111111111
01111111111111011111111111110111111111111101111111111111
01111111111111011111111111110111111111111101111111111111
01111111111111011111111111110111111111111101111111111111
01111111111111011111111111110111111111111101111111111111
01111111111111011111111111110111111111111101111111111111
01111111111111011111111111110111111111111101111111111111
01111111111111011111111111110111111111111101111111111111
01111111111111011111111111110111111111111101111111111111
01111111111111011111111111110111111111111101111111111111
01111111111111011111111111110111111111111101111111111111
01111111111111011111111111110111111111111101111111111111
01111111111111011111111111110111111111111101111111111111
01111111111111011111111111110111111111111101111111111111
01111111111111011111111111110111111111111101111111111111
01111111111111011111111111110111111111111101111111111111
01111111111111011111111111110111111111111101111111111111
01111111111111011111111111110111111111111101111111111111
01111111111111011111111111110111111111111101111111111111
01111111111111011111111111110111111111111101111111111111
01111111111111011111111111110111111111111101111111111111
01111111111111011111111111110111111111111101111111111111
01111111111111011111111111110111111111111101111111111111
01111111111111011111111111110111111111111101111111111111
01111111111111011111111111110111111111111101111111111111
01111111111111011111111111110111111111111101111111111111
01111111111111011111111111110111111111111101111111111111
01111111111111011111111111110111111111111101111111111111
01111111111111011111111111110111111111111101111111111111
01111111111111011111111111110111111111111101111111111111
01111111111111011111111111110111111111111101111111111111
01111111111111011111111111110111111111111101111111111111
00000000000000000000000000000000000000000111111111110010
00000000000000000000000000001111111111111100000000001110
00000000000000000000000000000111111111111111111111111001
00000000000000000000000000000111111111111100000000000111
00000000000000000000000000001111111111101101111111111111
00000000000000000000000000000000000000010101111111111111
00000000000000011111111111110000000000000111111111110011
00000000000000011111111111111111111111111100000000001101
00000000000000011111111111111111111111111000000000000010
00000000000000011111111111110000000000001011111111111110
01111111111111111111111111100111111111111100000000000000
01111111111111000000000000100111111111111100000000000000
01111111111111011111111111110000000000010111111111001001
01111111111111011111111111111111111111101100000000110111
00000000000000011111111111110111111111111111111111111111
00000000000000011111111111110111111111111100000000000001
00000000000000011111111111110000000000000001111111111111
00000000000000011111111111110000000000000001111111111111
00000000000000000000000000000111111111111101111111111111
00000000000000000000000000000111111111111101111111111111
00000000000000011111111111110111111111111101111111111111
00000000000000011111111111110111111111111101111111111111
01111111111111000000000000100000000000010011111111000010
01111111111111111111111111101111111111110000000000111110
01111111111111000000000001000111111111111111111111100001
01111111111111111111111111000111111111111100000000011111
01111111111111000000000001001111111110010101111111111111
01111111111111111111111111000000000001101101111111111111
01111111111111111111111010010111111111111101111111111111
01111111111111000000000101110111111111111101111111111111
11111111111100000000000001010000000000000100000000000000
00000000000100111111111110111111111111111100000000000000
01111111111111111111111111100000000000000000000000000000
01111111111111000000000000100000000000000000000000000000
01111111111111111111111111000000000000010100000000000001
01111111111111000000000001001111111111101111111111111111
11111111111110011111111111110000000000010000000000000000
00000000000010011111111111111111111111110000000000000000
01111111111111011111111111111111111111111100000000000000
01111111111111011111111111110000000000000100000000000000
01111111111111011111111111111111111111101100000000000111
01111111111111011111111111110000000000010111111111111001
11111111111011000000000001100111111111111100000000000000
00000000000101111111111110100111111111111100000000000000
01111111111111111111111111100111111111111100000000000101
01111111111111000000000000100111111111111111111111111011
11111111111111011111111111110111111111111100000000000011
00000000000001011111111111110111111111111111111111111101
01111111111111011111111111110111111111111100000000000000
01111111111111011111111111110111111111111100000000000000
01111111111111111111111110110000000000011101111111111111
01111111111111000000000001011111111111100101111111111111
11111111111110011111111111110000000000010001111111111111
00000000000010011111111111111111111111110001111111111111
01111111111111011111111111111111111111111101111111111111
01111111111111011111111111110000000000000101111111111111
01111111111111011111111111110111111111111101111111111111
01111111111111011111111111110111111111111101111111111111
01111111111111011111111111110111111111111101111111111111
01111111111111011111111111110111111111111101111111111111
01111111111111011111111111110111111111111101111111111111
01111111111111011111111111110111111111111101111111111111
01111111111111011111111111110111111111111101111111111111
01111111111111011111111111110111111111111101111111111111
01111111111111011111111111110111111111111101111111111111
01111111111111011111111111110111111111111101111111111111
01111111111111011111111111110111111111111101111111111111
01111111111111011111111111110111111111111101111111111111
01111111111111011111111111110111111111111101111111111111
01111111111111011111111111110111111111111101111111111111
01111111111111011111111111110111111111111101111111111111
01111111111111011111111111110111111111111101111111111111
01111111111111011111111111110111111111111101111111111111
01111111111111011111111111110111111111111101111111111111
01111111111111011111111111110111111111111101111111111111
01111111111111011111111111110111111111111101111111111111
01111111111111011111111111110111111111111101111111111111
01111111111111011111111111110111111111111101111111111111
01111111111111011111111111110111111111111101111111111111
01111111111111011111111111110111111111111101111111111111
01111111111111011111111111110111111111111101111111111111
01111111111111011111111111110111111111111101111111111111
01111111111111011111111111110111111111111101111111111111
01111111111111011111111111110111111111111101111111111111
01111111111111011111111111110111111111111101111111111111
01111111111111011111111111110111111111111101111111111111
01111111111111011111111111110111111111111101111111111111
01111111111111011111111111110111111111111101111111111111
01111111111111011111111111110111111111111101111111111111
01111111111111011111111111110111111111111101111111111111
01111111111111011111111111110111111111111101111111111111
01111111111111011111111111110111111111111101111111111111
01111111111111011111111111110111111111111101111111111111
01111111111111011111111111110111111111111101111111111111
01111111111111011111111111110111111111111101111111111111
01111111111111011111111111110111111111111101111111111111
01111111111111011111111111110111111111111101111111111111
01111111111111011111111111110111111111111101111111111111
01111111111111011111111111110111111111111101111111111111
01111111111111011111111111110111111111111101111111111111
01111111111111011111111111110111111111111101111111111111
01111111111111011111111111110111111111111101111111111111
01111111111111011111111111110111111111111101111111111111
01111111111111011111111111110111111111111101111111111111
01111111111111011111111111110111111111111101111111111111
01111111111111011111111111110111111111111101111111111111
01111111111111011111111111110111111111111101111111111111
01111111111111011111111111110111111111111101111111111111
01111111111111011111111111110111111111111101111111111111
01111111111111011111111111110111111111111101111111111111
01111111111111011111111111110111111111111101111111111111
01111111111111011111111111110111111111111101111111111111
01111111111111011111111111110111111111111101111111111111
01111111111111011111111111110111111111111101111111111111
01111111111111011111111111110111111111111101111111111111
01111111111111011111111111110111111111111101111111111111
01111111111111011111111111110111111111111101111111111111
01111111111111011111111111110111111111111101111111111111
00000000000000000000000000000000000000000000000000000000
00000000000000000000000000000000000000000001111111111111
00000000000000000000000000000111111111111100000000000000
00000000000000000000000000000111111111111101111111111111
00000000000000011111111111110000000000000000000000000000
00000000000000011111111111110000000000000001111111111111
00000000000000011111111111110111111111111100000000000000
00000000000000011111111111110111111111111100000000000000
01111111111111000000000000000000000000000000000000000000
01111111111111000000000000000000000000000001111111111111
01111111111111000000000000000111111111111100000000000000
01111111111111011111111111110000000000000000000000000000
01111111111111000000000000000000000000000000000000000000
01111111111111011111111111110000000000000000000000000000
01111111111111000000000000000000000000000001111111111111
01111111111111011111111111110111111111111101111111111111
01111111111111011111111111110111111111111101111111111111
01111111111111011111111111110111111111111101111111111111
01111111111111011111111111110111111111111101111111111111
01111111111111011111111111110111111111111101111111111111
01111111111111000000000000000111111111111100000000000000
01111111111111011111111111110111111111111101111111111111
01111111111111011111111111110111111111111101111111111111
01111111111111011111111111110111111111111101111111111111
01111111111111011111111111110111111111111101111111111111
01111111111111011111111111110111111111111101111111111111
01111111111111011111111111110111111111111101111111111111
01111111111111011111111111110111111111111101111111111111
01111111111111011111111111110111111111111101111111111111
01111111111111011111111111110111111111111101111111111111
01111111111111011111111111110111111111111101111111111111
01111111111111011111111111110111111111111101111111111111
01111111111111011111111111110111111111111101111111111111
01111111111111011111111111110111111111111101111111111111
01111111111111011111111111110111111111111101111111111111
01111111111111011111111111110111111111111101111111111111
01111111111111011111111111110111111111111101111111111111
01111111111111011111111111110111111111111101111111111111
01111111111111011111111111110111111111111101111111111111
01111111111111011111111111110111111111111101111111111111
01111111111111011111111111110111111111111101111111111111
01111111111111011111111111110111111111111101111111111111
01111111111111011111111111110111111111111101111111111111
01111111111111011111111111110111111111111101111111111111
01111111111111011111111111110111111111111101111111111111
01111111111111011111111111110111111111111101111111111111
