0000000010111101000000000000000000000000000000000000000000000000
0000000100110111000000000000000000000000000000000000000000000000
0000000001110111000000000000000000000000000000000000000000000000
0000000011110011000000000000000000000000000000000000000000000000
1111111100001101000000000000000000000000000000000000000000000000
1111111110001001000000000000000000000000000000000000000000000000
1111111011001001000000000000000000000000000000000000000000000000
1111111101000011000000000000000000000000000000000000000000000000
0111111111111111000000000000000000000000000000000000000000000000
0111111111111111111111111111111100000000000000000000000000000000
0111111111111111000000000000000000000000000000000000000000000000
0111111111111111111111111111111100000000000000000000000000000000
0111111111111111000000000000000100000000000000000000000000000000
0111111111111111000000000000000000000000000000000000000000000000
0111111111111111000000000000000100000000000000000000000000000000
0111111111111111000000000000000000000000000000000000000000000000
0000000000000000011111111111111100000000000000000000000000000000
0000000000000000011111111111111100000000000000000000000000000000
0000000000000000011111111111111100000000000000000000000000000000
0000000000000000011111111111111100000000000000000000000000000000
0000000000000000011111111111111100000000000000000000000000000000
0000000000000000011111111111111100000000000000000000000000000000
0000000000000000011111111111111100000000000000000000000000000000
0000000000000000011111111111111100000000000000000000000000000000
0000000000000000000000000000000001111111111111110000000000000000
0000000000000000000000000000000001111111111111110000000000000000
0000000000000000000000000000000001111111111111110000000000000000
0000000000000000000000000000000001111111111111110000000000000000
0000000000000000000000000000000001111111111111110000000000000000
0000000000000000000000000000000001111111111111110000000000000000
0000000000000000000000000000000001111111111111110000000000000000
0000000000000000000000000000000001111111111111110000000000000000
0000000000000000000000000000000000000000000000000111111111111111
0000000000000000000000000000000000000000000000000111111111111111
0000000000000000000000000000000000000000000000000111111111111111
0000000000000000000000000000000000000000000000000111111111111111
0000000000000000000000000000000000000000000000000111111111111111
0000000000000000000000000000000000000000000000000111111111111111
0000000000000000000000000000000000000000000000000111111111111111
0000000000000000000000000000000000000000000000000111111111111111
0000000000000000000000000000000000000000000000001111111110011101
0000000000000000000000000000000000000000000000001111111101011111
0000000000000000000000000000000000000000000000001111111111000001
0000000000000000000000000000000000000000000000001111111110000001
0000000000000000000000000000000000000000000000000000000001111111
0000000000000000000000000000000000000000000000000000000000111110
0000000000000000000000000000000000000000000000000000000010100001
0000000000000000000000000000000000000000000000000000000001100011
0111111111111111000000000000000000000000000000001111111111001110
0111111111111111000000000000000000000000000000001111111110010001
0111111111111111000000000000000000000000000000001111111110110100
0111111111111111000000000000000000000000000000001111111101110110
0111111111111111000000000000000000000000000000000000000010001010
0111111111111111000000000000000000000000000000000000000001001100
0111111111111111000000000000000000000000000000000000000001101111
0111111111111111000000000000000000000000000000000000000000110010
0000000000000000011111111111111100000000000000001111111111000101
0000000000000000011111111111111100000000000000001111111101111100
0000000000000000011111111111111100000000000000001111111111100011
0000000000000000011111111111111100000000000000001111111110011010
0000000000000000011111111111111100000000000000000000000001100110
0000000000000000011111111111111100000000000000000000000000011101
0000000000000000011111111111111100000000000000000000000010000100
0000000000000000011111111111111100000000000000000000000000111011
0000000000000000000000000000000001111111111111111111111110110110
0000000000000000000000000000000001111111111111111111111110000110
0000000000000000000000000000000001111111111111111111111111010011
0000000000000000000000000000000001111111111111111111111110100010
0000000000000000000000000000000001111111111111110000000001011110
0000000000000000000000000000000001111111111111110000000000101101
0000000000000000000000000000000001111111111111110000000001111001
0000000000000000000000000000000001111111111111110000000001001010
0000000000000000000000000000000001111111111111110000000000000000
1111111111111111000000000000000001111111111111110000000000000000
0000000000000000000000000000000001111111111111110000000000000000
1111111111111111000000000000000001111111111111110000000000000000
0000000000000001000000000000000001111111111111110000000000000000
0000000000000000000000000000000001111111111111110000000000000000
0000000000000001000000000000000001111111111111110000000000000000
0000000000000000000000000000000001111111111111110000000000000000
0111111111111111000000000000000000000000000000000000000000000000
0111111111111111111111111111111100000000000000000000000000000000
0111111111111111000000000000000000000000000000000000000000000000
0111111111111111111111111111111100000000000000000000000000000000
0111111111111111000000000000000100000000000000000000000000000000
0111111111111111000000000000000000000000000000000000000000000000
0111111111111111000000000000000100000000000000000000000000000000
0111111111111111000000000000000000000000000000000000000000000000
0000000000000000011111111111111100000000000000000000000000000000
0000000000000000011111111111111100000000000000000000000000000000
0000000000000000011111111111111100000000000000000000000000000000
1111111111111111011111111111111100000000000000000000000000000000
0000000000000001011111111111111100000000000000000000000000000000
0000000000000000011111111111111100000000000000000000000000000000
0000000000000000011111111111111100000000000000000000000000000000
0000000000000000011111111111111100000000000000000000000000000000
0000000000000000000000000000000011111111101010110111111111111111
0000000000000000000000000000000011111111011101000111111111111111
0000000000000000000000000000000011111111110010110111111111111111
0000000000000000000000000000000011111111100100100111111111111111
0000000000000000000000000000000000000000011011100111111111111111
0000000000000000000000000000000000000000001101010111111111111111
0000000000000000000000000000000000000000100011000111111111111111
0000000000000000000000000000000000000000010101010111111111111111
0000000000000000000000000000000000000000000000000111111111111111
0000000000000000000000000000000000000000000000000111111111111111
0000000000000000000000000000000000000000000000000111111111111111
0000000000000000000000000000000000000000000000000111111111111111
0000000000000000000000000000000000000000000000000111111111111111
0000000000000000000000000000000000000000000000000111111111111111
0000000000000000000000000000000000000000000000000111111111111111
0000000000000000000000000000000000000000000000000111111111111111
0111111111111111000000000000000000000000000000000111111111111111
0111111111111111000000000000000000000000000000000111111111111111
0111111111111111000000000000000000000000000000000111111111111111
0111111111111111000000000000000000000000000000000111111111111111
0111111111111111000000000000000000000000000000000111111111111111
0111111111111111000000000000000000000000000000000111111111111111
0111111111111111000000000000000000000000000000000111111111111111
0111111111111111000000000000000000000000000000000111111111111111
0000000000000000011111111111111100000000000000000111111111111111
0000000000000000011111111111111100000000000000000111111111111111
0000000000000000011111111111111100000000000000000111111111111111
0000000000000000011111111111111100000000000000000111111111111111
0000000000000000011111111111111100000000000000000111111111111111
0000000000000000011111111111111100000000000000000111111111111111
0000000000000000011111111111111100000000000000000111111111111111
0000000000000000011111111111111100000000000000000111111111111111
0000000000000000000000000000000001111111111111110111111111111111
0000000000000000000000000000000001111111111111110111111111111111
0000000000000000000000000000000001111111111111110111111111111111
0000000000000000000000000000000001111111111111110111111111111111
0000000000000000000000000000000001111111111111110111111111111111
0000000000000000000000000000000001111111111111110111111111111111
0000000000000000000000000000000001111111111111110111111111111111
0000000000000000000000000000000001111111111111110111111111111111
0111111111111111011111111111111101111111111111110111111111111111
0111111111111111011111111111111101111111111111110111111111111111
0111111111111111011111111111111101111111111111110111111111111111
0111111111111111011111111111111101111111111111110111111111111111
0111111111111111011111111111111101111111111111110111111111111111
0111111111111111011111111111111101111111111111110111111111111111
0111111111111111011111111111111101111111111111110111111111111111
0111111111111111011111111111111101111111111111110111111111111111
0111111111111111011111111111111101111111111111110111111111111111
0111111111111111011111111111111101111111111111110111111111111111
0111111111111111011111111111111101111111111111110111111111111111
0111111111111111011111111111111101111111111111110111111111111111
0111111111111111011111111111111101111111111111110111111111111111
0111111111111111011111111111111101111111111111110111111111111111
0111111111111111011111111111111101111111111111110111111111111111
0111111111111111011111111111111101111111111111110111111111111111
0111111111111111011111111111111101111111111111110111111111111111
0111111111111111011111111111111101111111111111110111111111111111
0111111111111111011111111111111101111111111111110111111111111111
0111111111111111011111111111111101111111111111110111111111111111
0111111111111111011111111111111101111111111111110111111111111111
0111111111111111011111111111111101111111111111110111111111111111
0111111111111111011111111111111101111111111111110111111111111111
0111111111111111011111111111111101111111111111110111111111111111
0111111111111111011111111111111101111111111111110111111111111111
0111111111111111011111111111111101111111111111110111111111111111
0111111111111111011111111111111101111111111111110111111111111111
0111111111111111011111111111111101111111111111110111111111111111
0111111111111111011111111111111101111111111111110111111111111111
0111111111111111011111111111111101111111111111110111111111111111
0111111111111111011111111111111101111111111111110111111111111111
0111111111111111011111111111111101111111111111110111111111111111
0111111111111111011111111111111101111111111111110111111111111111
0111111111111111011111111111111101111111111111110111111111111111
0111111111111111011111111111111101111111111111110111111111111111
0111111111111111011111111111111101111111111111110111111111111111
0111111111111111011111111111111101111111111111110111111111111111
0111111111111111011111111111111101111111111111110111111111111111
0111111111111111011111111111111101111111111111110111111111111111
0111111111111111011111111111111101111111111111110111111111111111
0111111111111111011111111111111101111111111111110111111111111111
0111111111111111011111111111111101111111111111110111111111111111
0111111111111111011111111111111101111111111111110111111111111111
0111111111111111011111111111111101111111111111110111111111111111
0111111111111111011111111111111101111111111111110111111111111111
0111111111111111011111111111111101111111111111110111111111111111
0111111111111111011111111111111101111111111111110111111111111111
0111111111111111011111111111111101111111111111110111111111111111
0111111111111111011111111111111101111111111111110111111111111111
0111111111111111011111111111111101111111111111110111111111111111
0111111111111111011111111111111101111111111111110111111111111111
0111111111111111011111111111111101111111111111110111111111111111
0111111111111111011111111111111101111111111111110111111111111111
0111111111111111011111111111111101111111111111110111111111111111
0111111111111111011111111111111101111111111111110111111111111111
0111111111111111011111111111111101111111111111110111111111111111
0111111111111111011111111111111101111111111111110111111111111111
0111111111111111011111111111111101111111111111110111111111111111
0111111111111111011111111111111101111111111111110111111111111111
0111111111111111011111111111111101111111111111110111111111111111
0111111111111111011111111111111101111111111111110111111111111111
0111111111111111011111111111111101111111111111110111111111111111
0111111111111111011111111111111101111111111111110111111111111111
0111111111111111011111111111111101111111111111110111111111111111
0111111111111111011111111111111101111111111111110111111111111111
0111111111111111011111111111111101111111111111110111111111111111
0111111111111111011111111111111101111111111111110111111111111111
0111111111111111011111111111111101111111111111110111111111111111
0111111111111111011111111111111101111111111111110111111111111111
0111111111111111011111111111111101111111111111110111111111111111
0111111111111111011111111111111101111111111111110111111111111111
0111111111111111011111111111111101111111111111110111111111111111
0111111111111111011111111111111101111111111111110111111111111111
0111111111111111011111111111111101111111111111110111111111111111
0111111111111111011111111111111101111111111111110111111111111111
0111111111111111011111111111111101111111111111110111111111111111
0111111111111111011111111111111101111111111111110111111111111111
0111111111111111011111111111111101111111111111110111111111111111
0111111111111111011111111111111101111111111111110111111111111111
0111111111111111011111111111111101111111111111110111111111111111
0111111111111111011111111111111101111111111111110111111111111111
0111111111111111011111111111111101111111111111110111111111111111
0111111111111111011111111111111101111111111111110111111111111111
0111111111111111011111111111111101111111111111110111111111111111
0111111111111111011111111111111101111111111111110111111111111111
0111111111111111011111111111111101111111111111110111111111111111
0111111111111111011111111111111101111111111111110111111111111111
0111111111111111011111111111111101111111111111110111111111111111
0111111111111111011111111111111101111111111111110111111111111111
0111111111111111011111111111111101111111111111110111111111111111
0111111111111111011111111111111101111111111111110111111111111111
0111111111111111011111111111111101111111111111110111111111111111
0111111111111111011111111111111101111111111111110111111111111111
0111111111111111011111111111111101111111111111110111111111111111
0111111111111111011111111111111101111111111111110111111111111111
0111111111111111011111111111111101111111111111110111111111111111
0000000100101111000000000000000000000000000000000000000000000000
0000000011110010000000000000000000000000000000000000000000000000
1111111100001110000000000000000000000000000000000000000000000000
1111111011010001000000000000000000000000000000000000000000000000
0000000011001010000000000000000001111111111111110000000000000000
0000000100100011000000000000000001111111111111110000000000000000
1111111011011101000000000000000001111111111111110000000000000000
1111111100110110000000000000000001111111111111110000000000000000
0000000011111100000000000000000000000000000000001111111111001001
0000000010110110000000000000000000000000000000001111111111011000
1111111101001010000000000000000000000000000000000000000000101000
1111111100000100000000000000000000000000000000000000000000110111
0000000000000000000000000000000001111111111111111111111111100000
0000000000000000000000000000000001111111111111111111111111101010
0000000000000000000000000000000001111111111111110000000000010110
0000000000000000000000000000000001111111111111110000000000100000
0000000100101000011111111111111100000000000000000000000000000000
0000000011110010011111111111111100000000000000000000000000000000
1111111100001110011111111111111100000000000000000000000000000000
1111111011011000011111111111111100000000000000000000000000000000
0000000010110110000000000000000001111111111111110000000000000000
0000000100100010000000000000000001111111111111110000000000000000
1111111011011110000000000000000001111111111111110000000000000000
1111111101001010000000000000000001111111111111110000000000000000
0000000000000000011111111111111101111111111111110000000000000000
0000000000000000011111111111111101111111111111110000000000000000
0000000000000000011111111111111101111111111111110000000000000000
0000000000000000011111111111111101111111111111110000000000000000
0000000011111010000000000000000000000000000000000111111111111111
0000000011001101000000000000000000000000000000000111111111111111
1111111100110011000000000000000000000000000000000111111111111111
1111111100000110000000000000000000000000000000000111111111111111
0000000000000000011111111111111100000000000000000111111111111111
0000000000000000011111111111111100000000000000000111111111111111
0000000000000000011111111111111100000000000000000111111111111111
0000000000000000011111111111111100000000000000000111111111111111
0000000000000000000000000000000001111111111111110111111111111111
0000000000000000000000000000000001111111111111110111111111111111
0000000000000000000000000000000001111111111111110111111111111111
0000000000000000000000000000000001111111111111110111111111111111
0111111111111111000000000000001100000000000000000000000000000000
0111111111111111000000000000001000000000000000000000000000000000
0111111111111111111111111111111000000000000000000000000000000000
0111111111111111111111111111110100000000000000000000000000000000
0000000000000000000000000000000011111111100001001111111110101111
0000000000000000000000000000000011111111101010001111111111000111
0000000000000000000000000000000000000000010110000000000000111001
0000000000000000000000000000000000000000011111000000000001010001
0111111111111111000000000000000011111111101101101111111111010000
0111111111111111000000000000000011111111101000011111111111000011
0111111111111111000000000000000000000000010111110000000000111101
0111111111111111000000000000000000000000010010100000000000110000
0000000000000000011111111111111111111111101000011111111111000110
0000000000000000011111111111111111111111110000011111111111011010
0000000000000000011111111111111100000000001111110000000000100110
0000000000000000011111111111111100000000010111110000000000111010
0111111111111111000000000000000000000000000000001111111101011010
0111111111111111000000000000000000000000000000001111111101110100
0111111111111111000000000000000000000000000000000000000010001100
0111111111111111000000000000000000000000000000000000000010100110
0000000000000000011111111111111100000000000000001111111110100001
0000000000000000011111111111111100000000000000001111111101101001
0000000000000000011111111111111100000000000000000000000010010111
0000000000000000011111111111111100000000000000000000000001011111
0111111111111111011111111111111100000000000000001111111111001000
0111111111111111011111111111111100000000000000001111111110000011
0111111111111111011111111111111100000000000000000000000001111101
0111111111111111011111111111111100000000000000000000000000111000
0000000000000000000000000000000001111111111111111111111110000000
0000000000000000000000000000000001111111111111111111111110011000
0000000000000000000000000000000001111111111111110000000001100111
0000000000000000000000000000000001111111111111110000000010000000
0111111111111111000000000000000001111111111111111111111110111000
0111111111111111000000000000000001111111111111111111111110001110
0111111111111111000000000000000001111111111111110000000001110010
0111111111111111000000000000000001111111111111110000000001001000
0000000000000000111111111000111101111111111111111111111111010101
0000000000000000111111111011000101111111111111111111111111100011
0000000000000000000000000100111101111111111111110000000000011101
0000000000000000000000000111000101111111111111110000000000101011
0000000000000000011111111111111101111111111111111111111110110000
0000000000000000011111111111111101111111111111111111111111000000
0000000000000000011111111111111101111111111111110000000001000000
0000000000000000011111111111111101111111111111110000000001010000
0111111111111111011111111111111100000000000000000000000000000000
0111111111111111011111111111111100000000000000000000000000000000
0111111111111111011111111111111100000000000000000000000000000000
0111111111111111011111111111111100000000000000000000000000000000
0111111111111111000000000000000001111111111111110000000000000000
0111111111111111111111111111111101111111111111110000000000000000
0111111111111111000000000000000101111111111111110000000000000000
0111111111111111000000000000000001111111111111110000000000000000
0000000000000000011111111111111101111111111111110000000000000000
1111111111111111011111111111111101111111111111110000000000000000
0000000000000001011111111111111101111111111111110000000000000000
0000000000000000011111111111111101111111111111110000000000000000
0000000000000000111111111001010111111111101110010111111111111111
0000000000000000111111111011010111111111110011100111111111111111
0000000000000000000000000100101100000000001100100111111111111111
0000000000000000000000000110101100000000010001110111111111111111
0000000000000000000000000000000011111111011100100111111111111111
0000000000000000000000000000000011111111100001100111111111111111
0000000000000000000000000000000000000000011110100111111111111111
0000000000000000000000000000000000000000100011100111111111111111
0111111111111111000000000000000011111111101011100111111111111111
0111111111111111000000000000000011111111011111010111111111111111
0111111111111111000000000000000000000000100000110111111111111111
0111111111111111000000000000000000000000010100100111111111111111
0000000000000000011111111111111111111111100101110111111111111111
0000000000000000011111111111111111111111101010110111111111111111
0000000000000000011111111111111100000000010101010111111111111111
0000000000000000011111111111111100000000011010010111111111111111
0111111111111111000000000000000000000000000000000111111111111111
0111111111111111000000000000000000000000000000000111111111111111
0111111111111111000000000000000000000000000000000111111111111111
0111111111111111000000000000000000000000000000000111111111111111
0000000000000000011111111111111100000000000000000111111111111111
0000000000000000011111111111111100000000000000000111111111111111
0000000000000000011111111111111100000000000000000111111111111111
0000000000000000011111111111111100000000000000000111111111111111
0111111111111111011111111111111100000000000000000111111111111111
0111111111111111011111111111111100000000000000000111111111111111
0111111111111111011111111111111100000000000000000111111111111111
0111111111111111011111111111111100000000000000000111111111111111
0000000000000000000000000000000001111111111111110111111111111111
0000000000000000000000000000000001111111111111110111111111111111
0000000000000000000000000000000001111111111111110111111111111111
0000000000000000000000000000000001111111111111110111111111111111
0111111111111111000000000000000001111111111111110111111111111111
0111111111111111000000000000000001111111111111110111111111111111
0111111111111111000000000000000001111111111111110111111111111111
0111111111111111000000000000000001111111111111110111111111111111
0000000000000000011111111111111101111111111111110111111111111111
0000000000000000011111111111111101111111111111110111111111111111
0000000000000000011111111111111101111111111111110111111111111111
0000000000000000011111111111111101111111111111110111111111111111
0111111111111111011111111111111101111111111111110111111111111111
0111111111111111011111111111111101111111111111110111111111111111
0111111111111111011111111111111101111111111111110111111111111111
0111111111111111011111111111111101111111111111110111111111111111
0111111111111111011111111111111101111111111111110111111111111111
0111111111111111011111111111111101111111111111110111111111111111
0111111111111111011111111111111101111111111111110111111111111111
0111111111111111011111111111111101111111111111110111111111111111
0111111111111111011111111111111101111111111111110111111111111111
0111111111111111011111111111111101111111111111110111111111111111
0111111111111111011111111111111101111111111111110111111111111111
0111111111111111011111111111111101111111111111110111111111111111
0111111111111111011111111111111101111111111111110111111111111111
0111111111111111011111111111111101111111111111110111111111111111
0111111111111111011111111111111101111111111111110111111111111111
0111111111111111011111111111111101111111111111110111111111111111
0111111111111111011111111111111101111111111111110111111111111111
0111111111111111011111111111111101111111111111110111111111111111
0111111111111111011111111111111101111111111111110111111111111111
0111111111111111011111111111111101111111111111110111111111111111
0111111111111111011111111111111101111111111111110111111111111111
0111111111111111011111111111111101111111111111110111111111111111
0111111111111111011111111111111101111111111111110111111111111111
0111111111111111011111111111111101111111111111110111111111111111
0111111111111111011111111111111101111111111111110111111111111111
0111111111111111011111111111111101111111111111110111111111111111
0111111111111111011111111111111101111111111111110111111111111111
0111111111111111011111111111111101111111111111110111111111111111
0111111111111111011111111111111101111111111111110111111111111111
0111111111111111011111111111111101111111111111110111111111111111
0111111111111111011111111111111101111111111111110111111111111111
0111111111111111011111111111111101111111111111110111111111111111
0111111111111111011111111111111101111111111111110111111111111111
0111111111111111011111111111111101111111111111110111111111111111
0111111111111111011111111111111101111111111111110111111111111111
0111111111111111011111111111111101111111111111110111111111111111
0111111111111111011111111111111101111111111111110111111111111111
0111111111111111011111111111111101111111111111110111111111111111
0111111111111111011111111111111101111111111111110111111111111111
0111111111111111011111111111111101111111111111110111111111111111
0111111111111111011111111111111101111111111111110111111111111111
0111111111111111011111111111111101111111111111110111111111111111
0111111111111111011111111111111101111111111111110111111111111111
0111111111111111011111111111111101111111111111110111111111111111
0111111111111111011111111111111101111111111111110111111111111111
0111111111111111011111111111111101111111111111110111111111111111
0111111111111111011111111111111101111111111111110111111111111111
0111111111111111011111111111111101111111111111110111111111111111
0111111111111111011111111111111101111111111111110111111111111111
0111111111111111011111111111111101111111111111110111111111111111
0111111111111111011111111111111101111111111111110111111111111111
0111111111111111011111111111111101111111111111110111111111111111
0111111111111111011111111111111101111111111111110111111111111111
0111111111111111011111111111111101111111111111110111111111111111
0111111111111111011111111111111101111111111111110111111111111111
0111111111111111011111111111111101111111111111110111111111111111
0111111111111111011111111111111101111111111111110111111111111111
0111111111111111011111111111111101111111111111110111111111111111
0111111111111111011111111111111101111111111111110111111111111111
0111111111111111011111111111111101111111111111110111111111111111
0111111111111111011111111111111101111111111111110111111111111111
0111111111111111011111111111111101111111111111110111111111111111
0111111111111111011111111111111101111111111111110111111111111111
0111111111111111011111111111111101111111111111110111111111111111
0111111111111111011111111111111101111111111111110111111111111111
0111111111111111011111111111111101111111111111110111111111111111
0111111111111111011111111111111101111111111111110111111111111111
0111111111111111011111111111111101111111111111110111111111111111
0111111111111111011111111111111101111111111111110111111111111111
0111111111111111011111111111111101111111111111110111111111111111
0111111111111111011111111111111101111111111111110111111111111111
0111111111111111011111111111111101111111111111110111111111111111
0111111111111111011111111111111101111111111111110111111111111111
0111111111111111011111111111111101111111111111110111111111111111
0111111111111111011111111111111101111111111111110111111111111111
0111111111111111011111111111111101111111111111110111111111111111
0111111111111111011111111111111101111111111111110111111111111111
0111111111111111011111111111111101111111111111110111111111111111
0111111111111111011111111111111101111111111111110111111111111111
0111111111111111011111111111111101111111111111110111111111111111
0111111111111111011111111111111101111111111111110111111111111111
0111111111111111011111111111111101111111111111110111111111111111
0111111111111111011111111111111101111111111111110111111111111111
0111111111111111011111111111111101111111111111110111111111111111
0111111111111111011111111111111101111111111111110111111111111111
0111111111111111011111111111111101111111111111110111111111111111
0111111111111111011111111111111101111111111111110111111111111111
0111111111111111011111111111111101111111111111110111111111111111
0111111111111111011111111111111101111111111111110111111111111111
0111111111111111011111111111111101111111111111110111111111111111
0111111111111111011111111111111101111111111111110111111111111111
0111111111111111011111111111111101111111111111110111111111111111
0111111111111111011111111111111101111111111111110111111111111111
0111111111111111011111111111111101111111111111110111111111111111
0111111111111111011111111111111101111111111111110111111111111111
0111111111111111011111111111111101111111111111110111111111111111
0111111111111111011111111111111101111111111111110111111111111111
0111111111111111011111111111111101111111111111110111111111111111
0111111111111111011111111111111101111111111111110111111111111111
0111111111111111011111111111111101111111111111110111111111111111
0111111111111111011111111111111101111111111111110111111111111111
0111111111111111011111111111111101111111111111110111111111111111
0111111111111111011111111111111101111111111111110111111111111111
0111111111111111011111111111111101111111111111110111111111111111
0111111111111111011111111111111101111111111111110111111111111111
0111111111111111011111111111111101111111111111110111111111111111
0111111111111111011111111111111101111111111111110111111111111111
0111111111111111011111111111111101111111111111110111111111111111
0111111111111111011111111111111101111111111111110111111111111111
0111111111111111011111111111111101111111111111110111111111111111
0111111111111111011111111111111101111111111111110111111111111111
0111111111111111011111111111111101111111111111110111111111111111
0111111111111111011111111111111101111111111111110111111111111111
0111111111111111011111111111111101111111111111110111111111111111
0111111111111111011111111111111101111111111111110111111111111111
0111111111111111011111111111111101111111111111110111111111111111
0111111111111111011111111111111101111111111111110111111111111111
0111111111111111011111111111111101111111111111110111111111111111
0111111111111111011111111111111101111111111111110111111111111111
0111111111111111011111111111111101111111111111110111111111111111
0111111111111111011111111111111101111111111111110111111111111111
0111111111111111011111111111111101111111111111110111111111111111
0111111111111111011111111111111101111111111111110111111111111111
0111111111111111011111111111111101111111111111110111111111111111
0111111111111111011111111111111101111111111111110111111111111111
0111111111111111011111111111111101111111111111110111111111111111
0111111111111111011111111111111101111111111111110111111111111111
0111111111111111011111111111111101111111111111110111111111111111
0111111111111111011111111111111101111111111111110111111111111111
0111111111111111011111111111111101111111111111110111111111111111
0111111111111111011111111111111101111111111111110111111111111111
0111111111111111011111111111111101111111111111110111111111111111
0111111111111111011111111111111101111111111111110111111111111111
0111111111111111011111111111111101111111111111110111111111111111
0111111111111111011111111111111101111111111111110111111111111111
0111111111111111011111111111111101111111111111110111111111111111
0000000000110011000000000000000000000000000000000000000000000000
1111111111001101000000000000000000000000000000000000000000000000
0000000100111010000000000000000001111111111111110000000000000000
1111111011000110000000000000000001111111111111110000000000000000
0000000100001001000000000000000000000000000000000111111111111111
1111111011110111000000000000000000000000000000000111111111111111
0000000000100110011111111111111100000000000000000000000000000000
1111111111011010011111111111111100000000000000000000000000000000
0000000100100000011111111111111100000000000000001111111111000010
1111111011100000011111111111111100000000000000000000000000111110
0111111111111111000000000000000001111111111111111111111111011111
0111111111111111000000000000000001111111111111110000000000100001
0111111111111111011111111111111100000000000000000000000000000000
0111111111111111011111111111111100000000000000000000000000000000
0000000101111111011111111111111101111111111111110000000000000000
1111111010000001011111111111111101111111111111110000000000000000
0000000101000011011111111111111100000000000000000111111111111111
1111111010111101011111111111111100000000000000000111111111111111
0000000100010000000000000000000001111111111111110111111111111111
1111111011110000000000000000000001111111111111110111111111111111
0000000000000000011111111111111101111111111111110111111111111111
0000000000000000011111111111111101111111111111110111111111111111
0111111111111111000000000000000000000000000000000000000000000000
0111111111111111000000000000000000000000000000000000000000000000
0111111111111111000000000000001101111111111111110000000000000000
0111111111111111111111111111110101111111111111110000000000000000
0111111111111111000000000000001000000000000000000111111111111111
0111111111111111111111111111111000000000000000000111111111111111
0111111111111111000000000000000001111111111111110111111111111111
0111111111111111000000000000000001111111111111110111111111111111
0000000000000000111111111000110011111111101100111111111111010100
0000000000000000000000000111010000000000010011010000000000101100
0111111111111111000000000000000011111111110000111111111111100011
0111111111111111000000000000000000000000001111010000000000011101
0111111111111111000000000000000011111111011011111111111110100000
0111111111111111000000000000000000000000100100010000000001100000
0000000000000000011111111111111111111111011111111111111110110001
0000000000000000011111111111111100000000100000000000000001001111
0111111111111111011111111111111100000000000000001111111111010000
0111111111111111011111111111111100000000000000000000000000110000
0111111111111111011111111111111100000000000000001111111100111110
0111111111111111011111111111111100000000000000000000000011000010
0000000000000000111111110111110101111111111111111111111111001101
0000000000000000000000001000001101111111111111110000000000110011
0111111111111111000000000000000001111111111111111111111101001111
0111111111111111000000000000000001111111111111110000000010110001
0000000000000000011111111111111101111111111111111111111110000110
0000000000000000011111111111111101111111111111110000000001111010
0111111111111111011111111111111101111111111111110000000000000000
0111111111111111011111111111111101111111111111110000000000000000
0111111111111111000000000000000011111111010110000111111111111111
0111111111111111000000000000000000000000101010000111111111111111
0000000000000000011111111111111111111111011100000111111111111111
0000000000000000011111111111111100000000100100000111111111111111
0111111111111111011111111111111100000000000000000111111111111111
0111111111111111011111111111111100000000000000000111111111111111
0111111111111111011111111111111101111111111111110111111111111111
0111111111111111011111111111111101111111111111110111111111111111
0111111111111111011111111111111101111111111111110111111111111111
0111111111111111011111111111111101111111111111110111111111111111
0111111111111111011111111111111101111111111111110111111111111111
0111111111111111011111111111111101111111111111110111111111111111
0111111111111111011111111111111101111111111111110111111111111111
0111111111111111011111111111111101111111111111110111111111111111
0111111111111111011111111111111101111111111111110111111111111111
0111111111111111011111111111111101111111111111110111111111111111
0111111111111111011111111111111101111111111111110111111111111111
0111111111111111011111111111111101111111111111110111111111111111
0111111111111111011111111111111101111111111111110111111111111111
0111111111111111011111111111111101111111111111110111111111111111
0111111111111111011111111111111101111111111111110111111111111111
0111111111111111011111111111111101111111111111110111111111111111
0111111111111111011111111111111101111111111111110111111111111111
0111111111111111011111111111111101111111111111110111111111111111
0111111111111111011111111111111101111111111111110111111111111111
0111111111111111011111111111111101111111111111110111111111111111
0111111111111111011111111111111101111111111111110111111111111111
0111111111111111011111111111111101111111111111110111111111111111
0111111111111111011111111111111101111111111111110111111111111111
0111111111111111011111111111111101111111111111110111111111111111
0111111111111111011111111111111101111111111111110111111111111111
0111111111111111011111111111111101111111111111110111111111111111
0111111111111111011111111111111101111111111111110111111111111111
0111111111111111011111111111111101111111111111110111111111111111
0111111111111111011111111111111101111111111111110111111111111111
0111111111111111011111111111111101111111111111110111111111111111
0111111111111111011111111111111101111111111111110111111111111111
0111111111111111011111111111111101111111111111110111111111111111
0111111111111111011111111111111101111111111111110111111111111111
0111111111111111011111111111111101111111111111110111111111111111
0111111111111111011111111111111101111111111111110111111111111111
0111111111111111011111111111111101111111111111110111111111111111
0111111111111111011111111111111101111111111111110111111111111111
0111111111111111011111111111111101111111111111110111111111111111
0111111111111111011111111111111101111111111111110111111111111111
0111111111111111011111111111111101111111111111110111111111111111
0111111111111111011111111111111101111111111111110111111111111111
0111111111111111011111111111111101111111111111110111111111111111
0111111111111111011111111111111101111111111111110111111111111111
0111111111111111011111111111111101111111111111110111111111111111
0111111111111111011111111111111101111111111111110111111111111111
0111111111111111011111111111111101111111111111110111111111111111
0111111111111111011111111111111101111111111111110111111111111111
0111111111111111011111111111111101111111111111110111111111111111
0111111111111111011111111111111101111111111111110111111111111111
0111111111111111011111111111111101111111111111110111111111111111
0111111111111111011111111111111101111111111111110111111111111111
0111111111111111011111111111111101111111111111110111111111111111
0111111111111111011111111111111101111111111111110111111111111111
0111111111111111011111111111111101111111111111110111111111111111
0111111111111111011111111111111101111111111111110111111111111111
0111111111111111011111111111111101111111111111110111111111111111
0111111111111111011111111111111101111111111111110111111111111111
0111111111111111011111111111111101111111111111110111111111111111
0111111111111111011111111111111101111111111111110111111111111111
0111111111111111011111111111111101111111111111110111111111111111
0111111111111111011111111111111101111111111111110111111111111111
0111111111111111011111111111111101111111111111110111111111111111
0000000000000000000000000000000000000000000000000000000000000000
0000000000000000000000000000000000000000000000000111111111111111
0000000000000000000000000000000001111111111111110000000000000000
0000000000000000000000000000000001111111111111110111111111111111
0000000000000000011111111111111100000000000000000000000000000000
0000000000000000011111111111111100000000000000000111111111111111
0000000000000000011111111111111101111111111111110000000000000000
0000000000000000011111111111111101111111111111110000000000000000
0111111111111111000000000000000000000000000000000000000000000000
0111111111111111000000000000000000000000000000000111111111111111
0111111111111111000000000000000001111111111111110000000000000000
0111111111111111011111111111111100000000000000000000000000000000
0111111111111111000000000000000000000000000000000000000000000000
0111111111111111011111111111111100000000000000000000000000000000
0111111111111111000000000000000000000000000000000111111111111111
0111111111111111011111111111111101111111111111110111111111111111
0111111111111111011111111111111101111111111111110111111111111111
0111111111111111011111111111111101111111111111110111111111111111
0111111111111111011111111111111101111111111111110111111111111111
0111111111111111011111111111111101111111111111110111111111111111
0111111111111111000000000000000001111111111111110000000000000000
0111111111111111011111111111111101111111111111110111111111111111
0111111111111111011111111111111101111111111111110111111111111111
0111111111111111011111111111111101111111111111110111111111111111
0111111111111111011111111111111101111111111111110111111111111111
0111111111111111011111111111111101111111111111110111111111111111
0111111111111111011111111111111101111111111111110111111111111111
0111111111111111011111111111111101111111111111110111111111111111
0111111111111111011111111111111101111111111111110111111111111111
0111111111111111011111111111111101111111111111110111111111111111
0111111111111111011111111111111101111111111111110111111111111111
0111111111111111011111111111111101111111111111110111111111111111
0111111111111111011111111111111101111111111111110111111111111111
0111111111111111011111111111111101111111111111110111111111111111
0111111111111111011111111111111101111111111111110111111111111111
0111111111111111011111111111111101111111111111110111111111111111
0111111111111111011111111111111101111111111111110111111111111111
0111111111111111011111111111111101111111111111110111111111111111
0111111111111111011111111111111101111111111111110111111111111111
0111111111111111011111111111111101111111111111110111111111111111
0111111111111111011111111111111101111111111111110111111111111111
0111111111111111011111111111111101111111111111110111111111111111
0111111111111111011111111111111101111111111111110111111111111111
0111111111111111011111111111111101111111111111110111111111111111
0111111111111111011111111111111101111111111111110111111111111111
0111111111111111011111111111111101111111111111110111111111111111
