0111111111111111011111111111111101111111111111110111111111111111
0111111111111111011111111111111101111111111111110111111111111111
0111111111111111011111111111111101111111111111110111111111111111
0111111111111111011111111111111101111111111111110111111111111111
0111111111111111011111111111111101111111111111110111111111111111
0111111111111111011111111111111101111111111111110111111111111111
0111111111111111011111111111111101111111111111110111111111111111
0111111111111111011111111111111101111111111111110111111111111111
0111111111111111011111111111111101111111111111110111111111111111
0111111111111111011111111111111101111111111111110111111111111111
0111111111111111011111111111111101111111111111110111111111111111
0111111111111111011111111111111101111111111111110111111111111111
0111111111111111011111111111111101111111111111110111111111111111
0111111111111111011111111111111101111111111111110111111111111111
0111111111111111011111111111111101111111111111110111111111111111
0111111111111111011111111111111101111111111111110111111111111111
0111111111111111011111111111111101111111111111110111111111111111
0111111111111111011111111111111101111111111111110111111111111111
0111111111111111011111111111111101111111111111110111111111111111
0111111111111111011111111111111101111111111111110111111111111111
0111111111111111011111111111111101111111111111110111111111111111
0111111111111111011111111111111101111111111111110111111111111111
0111111111111111011111111111111101111111111111110111111111111111
0111111111111111011111111111111101111111111111110111111111111111
0111111111111111011111111111111101111111111111110111111111111111
0111111111111111011111111111111101111111111111110111111111111111
0111111111111111011111111111111101111111111111110111111111111111
0111111111111111011111111111111101111111111111110111111111111111
0111111111111111011111111111111101111111111111110111111111111111
0111111111111111011111111111111101111111111111110111111111111111
0111111111111111011111111111111101111111111111110111111111111111
0111111111111111011111111111111101111111111111110111111111111111
0111111111111111011111111111111101111111111111110111111111111111
0111111111111111011111111111111101111111111111110111111111111111
0111111111111111011111111111111101111111111111110111111111111111
0111111111111111011111111111111101111111111111110111111111111111
0111111111111111011111111111111101111111111111110111111111111111
0111111111111111011111111111111101111111111111110111111111111111
0111111111111111011111111111111101111111111111110111111111111111
0111111111111111011111111111111101111111111111110111111111111111
0000000000000000000000000000000000000000000000000111111111111111
0000000000000000000000000000000000000000000000000111111111111111
0000000000000000000000000000000000000000000000000111111111111111
0000000000000000000000000000000000000000000000000111111111111111
0000000000000000000000000000000000000000000000000111111111111111
0000000000000000000000000000000000000000000000000111111111111111
0000000000000000000000000000000000000000000000000111111111111111
0000000000000000000000000000000000000000000000000111111111111111
0000000000000000000000000000000001111111111111110000000000000000
0000000000000000000000000000000001111111111111110000000000000000
0000000000000000000000000000000001111111111111110000000000000000
0000000000000000000000000000000001111111111111110000000000000000
0000000000000000000000000000000001111111111111110000000000000000
0000000000000000000000000000000001111111111111110000000000000000
0000000000000000000000000000000001111111111111110000000000000000
0000000000000000000000000000000001111111111111110000000000000000
0000000000000000011111111111111100000000000000000000000000000000
0000000000000000011111111111111100000000000000000000000000000000
0000000000000000011111111111111100000000000000000000000000000000
0000000000000000011111111111111100000000000000000000000000000000
0000000000000000011111111111111100000000000000000000000000000000
0000000000000000011111111111111100000000000000000000000000000000
0000000000000000011111111111111100000000000000000000000000000000
0000000000000000011111111111111100000000000000000000000000000000
0111111111111111000000000000000000000000000000000000000000000000
0111111111111111000000000000000000000000000000000000000000000000
0111111111111111000000000000000000000000000000000000000000000000
0111111111111111000000000000000000000000000000000000000000000000
0111111111111111000000000000000000000000000000000000000000000000
0111111111111111000000000000000000000000000000000000000000000000
0111111111111111000000000000000000000000000000000000000000000000
0111111111111111000000000000000000000000000000000000000000000000
0111111111111111011111111111111101111111111111110111111111111111
0111111111111111011111111111111101111111111111110111111111111111
0111111111111111011111111111111101111111111111110111111111111111
0111111111111111011111111111111101111111111111110111111111111111
0111111111111111011111111111111101111111111111110111111111111111
0111111111111111011111111111111101111111111111110111111111111111
0111111111111111011111111111111101111111111111110111111111111111
0111111111111111011111111111111101111111111111110111111111111111
0111111111111111011111111111111101111111111111110111111111111111
0111111111111111011111111111111101111111111111110111111111111111
0111111111111111011111111111111101111111111111110111111111111111
0111111111111111011111111111111101111111111111110111111111111111
0111111111111111011111111111111101111111111111110111111111111111
0111111111111111011111111111111101111111111111110111111111111111
0111111111111111011111111111111101111111111111110111111111111111
0111111111111111011111111111111101111111111111110111111111111111
0111111111111111011111111111111101111111111111110111111111111111
0111111111111111011111111111111101111111111111110111111111111111
0111111111111111011111111111111101111111111111110111111111111111
0111111111111111011111111111111101111111111111110111111111111111
0111111111111111011111111111111101111111111111110111111111111111
0111111111111111011111111111111101111111111111110111111111111111
0111111111111111011111111111111101111111111111110111111111111111
0111111111111111011111111111111101111111111111110111111111111111
0111111111111111011111111111111101111111111111110111111111111111
0111111111111111011111111111111101111111111111110111111111111111
0111111111111111011111111111111101111111111111110111111111111111
0111111111111111011111111111111101111111111111110111111111111111
0111111111111111011111111111111101111111111111110111111111111111
0111111111111111011111111111111101111111111111110111111111111111
0111111111111111011111111111111101111111111111110111111111111111
0111111111111111011111111111111101111111111111110111111111111111
0111111111111111011111111111111101111111111111110111111111111111
0111111111111111011111111111111101111111111111110111111111111111
0111111111111111011111111111111101111111111111110111111111111111
0111111111111111011111111111111101111111111111110111111111111111
0111111111111111011111111111111101111111111111110111111111111111
0111111111111111011111111111111101111111111111110111111111111111
0111111111111111011111111111111101111111111111110111111111111111
0111111111111111011111111111111101111111111111110111111111111111
0111111111111111011111111111111101111111111111110111111111111111
0111111111111111011111111111111101111111111111110111111111111111
0111111111111111011111111111111101111111111111110111111111111111
0111111111111111011111111111111101111111111111110111111111111111
0111111111111111011111111111111101111111111111110111111111111111
0111111111111111011111111111111101111111111111110111111111111111
0111111111111111011111111111111101111111111111110111111111111111
0111111111111111011111111111111101111111111111110111111111111111
0111111111111111011111111111111101111111111111110111111111111111
0111111111111111011111111111111101111111111111110111111111111111
0111111111111111011111111111111101111111111111110111111111111111
0111111111111111011111111111111101111111111111110111111111111111
0111111111111111011111111111111101111111111111110111111111111111
0111111111111111011111111111111101111111111111110111111111111111
0111111111111111011111111111111101111111111111110111111111111111
0111111111111111011111111111111101111111111111110111111111111111
0111111111111111011111111111111101111111111111110111111111111111
0111111111111111011111111111111101111111111111110111111111111111
0111111111111111011111111111111101111111111111110111111111111111
0111111111111111011111111111111101111111111111110111111111111111
0111111111111111011111111111111101111111111111110111111111111111
0111111111111111011111111111111101111111111111110111111111111111
0111111111111111011111111111111101111111111111110111111111111111
0111111111111111011111111111111101111111111111110111111111111111
1111111110110101000000000000000000000000000000000000000000000000
1111111110110111000000000000000000000000000000000000000000000000
1111111110111001000000000000000000000000000000000000000000000000
1111111110111000000000000000000000000000000000000000000000000000
1111111110111000000000000000000000000000000000000000000000000000
1111111110111001000000000000000000000000000000000000000000000000
1111111110110111000000000000000000000000000000000000000000000000
1111111110110101000000000000000000000000000000000000000000000000
0000000000000000011111111111111100000000000000000000000000000000
0000000000000000011111111111111100000000000000000000000000000000
0000000000000000011111111111111100000000000000000000000000000000
0000000000000000011111111111111100000000000000000000000000000000
0000000000000000011111111111111100000000000000000000000000000000
0000000000000000011111111111111100000000000000000000000000000000
0000000000000000011111111111111100000000000000000000000000000000
0000000000000000011111111111111100000000000000000000000000000000
0000000000000000000000000000000000000000000000000111111111111111
0000000000000000000000000000000000000000000000000111111111111111
0000000000000000000000000000000000000000000000000111111111111111
0000000000000000000000000000000000000000000000000111111111111111
0000000000000000000000000000000000000000000000000111111111111111
0000000000000000000000000000000000000000000000000111111111111111
0000000000000000000000000000000000000000000000000111111111111111
0000000000000000000000000000000000000000000000000111111111111111
0000000000000000000000000000000001111111111111110000000000000000
0000000000000000000000000000000001111111111111110000000000000000
0000000000000000000000000000000001111111111111110000000000000000
0000000000000000000000000000000001111111111111110000000000000000
0000000000000000000000000000000001111111111111110000000000000000
0000000000000000000000000000000001111111111111110000000000000000
0000000000000000000000000000000001111111111111110000000000000000
0000000000000000000000000000000001111111111111110000000000000000
0111111111111111000000000000000000000000000000000000000000000000
0111111111111111000000000000000000000000000000000000000000000000
0111111111111111000000000000000000000000000000000000000000000000
0111111111111111000000000000000000000000000000000000000000000000
0111111111111111000000000000000000000000000000000000000000000000
0111111111111111000000000000000000000000000000000000000000000000
0111111111111111000000000000000000000000000000000000000000000000
0111111111111111000000000000000000000000000000000000000000000000
0111111111111111011111111111111101111111111111110111111111111111
0111111111111111011111111111111101111111111111110111111111111111
0111111111111111011111111111111101111111111111110111111111111111
0111111111111111011111111111111101111111111111110111111111111111
0111111111111111011111111111111101111111111111110111111111111111
0111111111111111011111111111111101111111111111110111111111111111
0111111111111111011111111111111101111111111111110111111111111111
0111111111111111011111111111111101111111111111110111111111111111
0111111111111111011111111111111101111111111111110111111111111111
0111111111111111011111111111111101111111111111110111111111111111
0111111111111111011111111111111101111111111111110111111111111111
0111111111111111011111111111111101111111111111110111111111111111
0111111111111111011111111111111101111111111111110111111111111111
0111111111111111011111111111111101111111111111110111111111111111
0111111111111111011111111111111101111111111111110111111111111111
0111111111111111011111111111111101111111111111110111111111111111
0111111111111111011111111111111101111111111111110111111111111111
0111111111111111011111111111111101111111111111110111111111111111
0111111111111111011111111111111101111111111111110111111111111111
0111111111111111011111111111111101111111111111110111111111111111
0111111111111111011111111111111101111111111111110111111111111111
0111111111111111011111111111111101111111111111110111111111111111
0111111111111111011111111111111101111111111111110111111111111111
0111111111111111011111111111111101111111111111110111111111111111
0111111111111111011111111111111101111111111111110111111111111111
0111111111111111011111111111111101111111111111110111111111111111
0111111111111111011111111111111101111111111111110111111111111111
0111111111111111011111111111111101111111111111110111111111111111
0111111111111111011111111111111101111111111111110111111111111111
0111111111111111011111111111111101111111111111110111111111111111
0111111111111111011111111111111101111111111111110111111111111111
0111111111111111011111111111111101111111111111110111111111111111
0111111111111111011111111111111101111111111111110111111111111111
0111111111111111011111111111111101111111111111110111111111111111
0111111111111111011111111111111101111111111111110111111111111111
0111111111111111011111111111111101111111111111110111111111111111
0111111111111111011111111111111101111111111111110111111111111111
0111111111111111011111111111111101111111111111110111111111111111
0111111111111111011111111111111101111111111111110111111111111111
0111111111111111011111111111111101111111111111110111111111111111
0111111111111111011111111111111101111111111111110111111111111111
0111111111111111011111111111111101111111111111110111111111111111
0111111111111111011111111111111101111111111111110111111111111111
0111111111111111011111111111111101111111111111110111111111111111
0111111111111111011111111111111101111111111111110111111111111111
0111111111111111011111111111111101111111111111110111111111111111
0111111111111111011111111111111101111111111111110111111111111111
0111111111111111011111111111111101111111111111110111111111111111
0111111111111111011111111111111101111111111111110111111111111111
0111111111111111011111111111111101111111111111110111111111111111
0111111111111111011111111111111101111111111111110111111111111111
0111111111111111011111111111111101111111111111110111111111111111
0111111111111111011111111111111101111111111111110111111111111111
0111111111111111011111111111111101111111111111110111111111111111
0111111111111111011111111111111101111111111111110111111111111111
0111111111111111011111111111111101111111111111110111111111111111
0111111111111111011111111111111101111111111111110111111111111111
0111111111111111011111111111111101111111111111110111111111111111
0111111111111111011111111111111101111111111111110111111111111111
0111111111111111011111111111111101111111111111110111111111111111
0111111111111111011111111111111101111111111111110111111111111111
0111111111111111011111111111111101111111111111110111111111111111
0111111111111111011111111111111101111111111111110111111111111111
0111111111111111011111111111111101111111111111110111111111111111
0000000000000000000000000000000001111111111111110111111111111111
0000000000000000000000000000000001111111111111110111111111111111
0000000000000000000000000000000001111111111111110111111111111111
0000000000000000000000000000000001111111111111110111111111111111
0111111111111111000000000000000000000000000000000111111111111111
0111111111111111000000000000000000000000000000000111111111111111
0111111111111111000000000000000000000000000000000111111111111111
0111111111111111000000000000000000000000000000000111111111111111
0111111111111111011111111111111101111111111111110111111111111111
0111111111111111011111111111111101111111111111110111111111111111
0111111111111111011111111111111101111111111111110111111111111111
0111111111111111011111111111111101111111111111110111111111111111
0111111111111111011111111111111101111111111111110111111111111111
0111111111111111011111111111111101111111111111110111111111111111
0111111111111111011111111111111101111111111111110111111111111111
0111111111111111011111111111111101111111111111110111111111111111
0111111111111111011111111111111101111111111111110111111111111111
0111111111111111011111111111111101111111111111110111111111111111
0111111111111111011111111111111101111111111111110111111111111111
0111111111111111011111111111111101111111111111110111111111111111
0111111111111111011111111111111101111111111111110111111111111111
0111111111111111011111111111111101111111111111110111111111111111
0111111111111111011111111111111101111111111111110111111111111111
0111111111111111011111111111111101111111111111110111111111111111
0111111111111111011111111111111101111111111111110111111111111111
0111111111111111011111111111111101111111111111110111111111111111
0111111111111111011111111111111101111111111111110111111111111111
0111111111111111011111111111111101111111111111110111111111111111
0111111111111111011111111111111101111111111111110111111111111111
0111111111111111011111111111111101111111111111110111111111111111
0111111111111111011111111111111101111111111111110111111111111111
0111111111111111011111111111111101111111111111110111111111111111
0111111111111111011111111111111101111111111111110111111111111111
0111111111111111011111111111111101111111111111110111111111111111
0111111111111111011111111111111101111111111111110111111111111111
0111111111111111011111111111111101111111111111110111111111111111
1111111111000111000000000000000000000000000000000111111111111111
1111111111001001000000000000000000000000000000000111111111111111
1111111111001001000000000000000000000000000000000111111111111111
1111111111000111000000000000000000000000000000000111111111111111
1111111111001000000000000000000001111111111111110000000000000000
1111111111001000000000000000000001111111111111110000000000000000
1111111111001000000000000000000001111111111111110000000000000000
1111111111001000000000000000000001111111111111110000000000000000
1111111111000110011111111111111100000000000000000000000000000000
1111111111001000011111111111111100000000000000000000000000000000
1111111111001000011111111111111100000000000000000000000000000000
1111111111000110011111111111111100000000000000000000000000000000
0000000000000000000000000000000001111111111111110111111111111111
0000000000000000000000000000000001111111111111110111111111111111
0000000000000000000000000000000001111111111111110111111111111111
0000000000000000000000000000000001111111111111110111111111111111
0000000000000000011111111111111100000000000000000111111111111111
0000000000000000011111111111111100000000000000000111111111111111
0000000000000000011111111111111100000000000000000111111111111111
0000000000000000011111111111111100000000000000000111111111111111
0000000000000000011111111111111101111111111111110000000000000000
0000000000000000011111111111111101111111111111110000000000000000
0000000000000000011111111111111101111111111111110000000000000000
0000000000000000011111111111111101111111111111110000000000000000
0111111111111111000000000000000000000000000000000111111111111111
0111111111111111000000000000000000000000000000000111111111111111
0111111111111111000000000000000000000000000000000111111111111111
0111111111111111000000000000000000000000000000000111111111111111
0111111111111111000000000000000001111111111111110000000000000000
0111111111111111000000000000000001111111111111110000000000000000
0111111111111111000000000000000001111111111111110000000000000000
0111111111111111000000000000000001111111111111110000000000000000
0111111111111111111111111011111100000000000000000000000000000000
0111111111111111111111111100000000000000000000000000000000000000
0111111111111111111111111100000000000000000000000000000000000000
0111111111111111111111111011111100000000000000000000000000000000
0111111111111111011111111111111100000000000000000000000000000000
0111111111111111011111111111111100000000000000000000000000000000
0111111111111111011111111111111100000000000000000000000000000000
0111111111111111011111111111111100000000000000000000000000000000
0111111111111111011111111111111101111111111111110111111111111111
0111111111111111011111111111111101111111111111110111111111111111
0111111111111111011111111111111101111111111111110111111111111111
0111111111111111011111111111111101111111111111110111111111111111
0111111111111111011111111111111101111111111111110111111111111111
0111111111111111011111111111111101111111111111110111111111111111
0111111111111111011111111111111101111111111111110111111111111111
0111111111111111011111111111111101111111111111110111111111111111
0111111111111111011111111111111101111111111111110111111111111111
0111111111111111011111111111111101111111111111110111111111111111
0111111111111111011111111111111101111111111111110111111111111111
0111111111111111011111111111111101111111111111110111111111111111
0111111111111111011111111111111101111111111111110111111111111111
0111111111111111011111111111111101111111111111110111111111111111
0111111111111111011111111111111101111111111111110111111111111111
0111111111111111011111111111111101111111111111110111111111111111
0111111111111111011111111111111101111111111111110111111111111111
0111111111111111011111111111111101111111111111110111111111111111
0111111111111111011111111111111101111111111111110111111111111111
0111111111111111011111111111111101111111111111110111111111111111
0111111111111111011111111111111101111111111111110111111111111111
0111111111111111011111111111111101111111111111110111111111111111
0111111111111111011111111111111101111111111111110111111111111111
0111111111111111011111111111111101111111111111110111111111111111
0111111111111111011111111111111101111111111111110111111111111111
0111111111111111011111111111111101111111111111110111111111111111
0111111111111111011111111111111101111111111111110111111111111111
0111111111111111011111111111111101111111111111110111111111111111
0111111111111111011111111111111101111111111111110111111111111111
0111111111111111011111111111111101111111111111110111111111111111
0111111111111111011111111111111101111111111111110111111111111111
0111111111111111011111111111111101111111111111110111111111111111
0111111111111111011111111111111101111111111111110111111111111111
0111111111111111011111111111111101111111111111110111111111111111
0111111111111111011111111111111101111111111111110111111111111111
0111111111111111011111111111111101111111111111110111111111111111
0111111111111111011111111111111101111111111111110111111111111111
0111111111111111011111111111111101111111111111110111111111111111
0111111111111111011111111111111101111111111111110111111111111111
0111111111111111011111111111111101111111111111110111111111111111
0111111111111111011111111111111101111111111111110111111111111111
0111111111111111011111111111111101111111111111110111111111111111
0111111111111111011111111111111101111111111111110111111111111111
0111111111111111011111111111111101111111111111110111111111111111
0111111111111111011111111111111101111111111111110111111111111111
0111111111111111011111111111111101111111111111110111111111111111
0111111111111111011111111111111101111111111111110111111111111111
0111111111111111011111111111111101111111111111110111111111111111
0111111111111111011111111111111101111111111111110111111111111111
0111111111111111011111111111111101111111111111110111111111111111
0111111111111111011111111111111101111111111111110111111111111111
0111111111111111011111111111111101111111111111110111111111111111
0111111111111111011111111111111101111111111111110111111111111111
0111111111111111011111111111111101111111111111110111111111111111
0111111111111111011111111111111101111111111111110111111111111111
0111111111111111011111111111111101111111111111110111111111111111
1111111111001011111111111011000100000000000000000000000000000000
1111111111001100111111111011001100000000000000000000000000000000
1111111111001100111111111011001100000000000000000000000000000000
1111111111001011111111111011000100000000000000000000000000000000
1111111110011011011111111111111100000000000000000000000000000000
1111111110100000011111111111111100000000000000000000000000000000
1111111110100000011111111111111100000000000000000000000000000000
1111111110011011011111111111111100000000000000000000000000000000
1111111110110101000000000000000001111111111111110000000000000000
1111111110110110000000000000000001111111111111110000000000000000
1111111110110110000000000000000001111111111111110000000000000000
1111111110110101000000000000000001111111111111110000000000000000
1111111110110101000000000000000000000000000000000111111111111111
1111111110110111000000000000000000000000000000000111111111111111
1111111110110111000000000000000000000000000000000111111111111111
1111111110110101000000000000000000000000000000000111111111111111
0111111111111111111111111001001000000000000000000000000000000000
0111111111111111111111111001011000000000000000000000000000000000
0111111111111111111111111001011000000000000000000000000000000000
0111111111111111111111111001001000000000000000000000000000000000
0000000000000000011111111111111101111111111111110000000000000000
0000000000000000011111111111111101111111111111110000000000000000
0000000000000000011111111111111101111111111111110000000000000000
0000000000000000011111111111111101111111111111110000000000000000
0111111111111111000000000000000000000000000000000111111111111111
0111111111111111000000000000000000000000000000000111111111111111
0111111111111111000000000000000000000000000000000111111111111111
0111111111111111000000000000000000000000000000000111111111111111
0111111111111111011111111111111100000000000000000000000000000000
0111111111111111011111111111111100000000000000000000000000000000
0111111111111111011111111111111100000000000000000000000000000000
0111111111111111011111111111111100000000000000000000000000000000
0000000000000000011111111111111100000000000000000111111111111111
0000000000000000011111111111111100000000000000000111111111111111
0000000000000000011111111111111100000000000000000111111111111111
0000000000000000011111111111111100000000000000000111111111111111
0000000000000000000000000000000001111111111111110111111111111111
0000000000000000000000000000000001111111111111110111111111111111
0000000000000000000000000000000001111111111111110111111111111111
0000000000000000000000000000000001111111111111110111111111111111
0111111111111111000000000000000001111111111111110000000000000000
0111111111111111000000000000000001111111111111110000000000000000
0111111111111111000000000000000001111111111111110000000000000000
0111111111111111000000000000000001111111111111110000000000000000
0111111111111111011111111111111101111111111111110111111111111111
0111111111111111011111111111111101111111111111110111111111111111
0111111111111111011111111111111101111111111111110111111111111111
0111111111111111011111111111111101111111111111110111111111111111
0111111111111111011111111111111101111111111111110111111111111111
0111111111111111011111111111111101111111111111110111111111111111
0111111111111111011111111111111101111111111111110111111111111111
0111111111111111011111111111111101111111111111110111111111111111
0111111111111111011111111111111101111111111111110111111111111111
0111111111111111011111111111111101111111111111110111111111111111
0111111111111111011111111111111101111111111111110111111111111111
0111111111111111011111111111111101111111111111110111111111111111
0111111111111111011111111111111101111111111111110111111111111111
0111111111111111011111111111111101111111111111110111111111111111
0111111111111111011111111111111101111111111111110111111111111111
0111111111111111011111111111111101111111111111110111111111111111
0111111111111111011111111111111101111111111111110111111111111111
0111111111111111011111111111111101111111111111110111111111111111
0111111111111111011111111111111101111111111111110111111111111111
0111111111111111011111111111111101111111111111110111111111111111
0111111111111111011111111111111101111111111111110111111111111111
0111111111111111011111111111111101111111111111110111111111111111
0111111111111111011111111111111101111111111111110111111111111111
0111111111111111011111111111111101111111111111110111111111111111
0111111111111111011111111111111101111111111111110111111111111111
0111111111111111011111111111111101111111111111110111111111111111
0111111111111111011111111111111101111111111111110111111111111111
0111111111111111011111111111111101111111111111110111111111111111
0111111111111111011111111111111101111111111111110111111111111111
0111111111111111011111111111111101111111111111110111111111111111
0111111111111111011111111111111101111111111111110111111111111111
0111111111111111011111111111111101111111111111110111111111111111
0111111111111111011111111111111101111111111111110111111111111111
0111111111111111011111111111111101111111111111110111111111111111
0111111111111111011111111111111101111111111111110111111111111111
0111111111111111011111111111111101111111111111110111111111111111
0111111111111111011111111111111101111111111111110111111111111111
0111111111111111011111111111111101111111111111110111111111111111
0111111111111111011111111111111101111111111111110111111111111111
0111111111111111011111111111111101111111111111110111111111111111
0111111111111111011111111111111101111111111111110111111111111111
0111111111111111011111111111111101111111111111110111111111111111
0111111111111111011111111111111101111111111111110111111111111111
0111111111111111011111111111111101111111111111110111111111111111
0111111111111111011111111111111101111111111111110111111111111111
0111111111111111011111111111111101111111111111110111111111111111
0111111111111111011111111111111101111111111111110111111111111111
0111111111111111011111111111111101111111111111110111111111111111
0111111111111111011111111111111101111111111111110111111111111111
0111111111111111011111111111111101111111111111110111111111111111
0111111111111111011111111111111101111111111111110111111111111111
0111111111111111011111111111111101111111111111110111111111111111
0111111111111111011111111111111101111111111111110111111111111111
0111111111111111011111111111111101111111111111110111111111111111
0111111111111111011111111111111101111111111111110111111111111111
0111111111111111011111111111111101111111111111110111111111111111
0111111111111111011111111111111101111111111111110111111111111111
0111111111111111011111111111111101111111111111110111111111111111
0111111111111111011111111111111101111111111111110111111111111111
0111111111111111011111111111111101111111111111110111111111111111
0111111111111111011111111111111101111111111111110111111111111111
0111111111111111011111111111111101111111111111110111111111111111
0111111111111111011111111111111101111111111111110111111111111111
0111111111111111011111111111111101111111111111110111111111111111
0111111111111111011111111111111101111111111111110111111111111111
0111111111111111011111111111111101111111111111110111111111111111
0111111111111111011111111111111101111111111111110111111111111111
0111111111111111011111111111111101111111111111110111111111111111
0111111111111111011111111111111101111111111111110111111111111111
0111111111111111011111111111111101111111111111110111111111111111
0111111111111111011111111111111101111111111111110111111111111111
0111111111111111011111111111111101111111111111110111111111111111
0111111111111111011111111111111101111111111111110111111111111111
0111111111111111011111111111111101111111111111110111111111111111
0111111111111111011111111111111101111111111111110111111111111111
0111111111111111011111111111111101111111111111110111111111111111
0111111111111111011111111111111101111111111111110111111111111111
0111111111111111011111111111111101111111111111110111111111111111
0111111111111111011111111111111101111111111111110111111111111111
0111111111111111011111111111111101111111111111110111111111111111
0111111111111111011111111111111101111111111111110111111111111111
0111111111111111011111111111111101111111111111110111111111111111
0111111111111111011111111111111101111111111111110111111111111111
0111111111111111011111111111111101111111111111110111111111111111
0111111111111111011111111111111101111111111111110111111111111111
0111111111111111011111111111111101111111111111110111111111111111
0111111111111111011111111111111101111111111111110111111111111111
0111111111111111011111111111111101111111111111110111111111111111
0111111111111111011111111111111101111111111111110111111111111111
0111111111111111011111111111111101111111111111110111111111111111
0111111111111111011111111111111101111111111111110111111111111111
0111111111111111011111111111111101111111111111110111111111111111
0111111111111111011111111111111101111111111111110111111111111111
0111111111111111011111111111111101111111111111110111111111111111
0111111111111111011111111111111101111111111111110111111111111111
0111111111111111011111111111111101111111111111110111111111111111
0000000000000000011111111111111101111111111111110111111111111111
0000000000000000011111111111111101111111111111110111111111111111
0111111111111111111111111100001101111111111111110000000000000000
0111111111111111111111111100001101111111111111110000000000000000
0111111111111111011111111111111101111111111111110111111111111111
0111111111111111011111111111111101111111111111110111111111111111
0111111111111111011111111111111101111111111111110111111111111111
0111111111111111011111111111111101111111111111110111111111111111
0111111111111111011111111111111101111111111111110111111111111111
0111111111111111011111111111111101111111111111110111111111111111
0111111111111111011111111111111101111111111111110111111111111111
0111111111111111011111111111111101111111111111110111111111111111
0111111111111111011111111111111101111111111111110111111111111111
0111111111111111011111111111111101111111111111110111111111111111
0111111111111111011111111111111101111111111111110111111111111111
0111111111111111011111111111111101111111111111110111111111111111
0111111111111111011111111111111101111111111111110111111111111111
0111111111111111011111111111111101111111111111110111111111111111
0111111111111111011111111111111101111111111111110111111111111111
0111111111111111011111111111111101111111111111110111111111111111
0111111111111111011111111111111101111111111111110111111111111111
0111111111111111011111111111111101111111111111110111111111111111
1111111111011101111111111100100100000000000000000111111111111111
1111111111011101111111111100100100000000000000000111111111111111
1111111111100000111111111100100101111111111111110000000000000000
1111111111100000111111111100100101111111111111110000000000000000
1111111111000111000000000000000001111111111111110111111111111111
1111111111000111000000000000000001111111111111110111111111111111
1111111111000110011111111111111100000000000000000111111111111111
1111111111000110011111111111111100000000000000000111111111111111
1111111111001100011111111111111101111111111111110000000000000000
1111111111001100011111111111111101111111111111110000000000000000
0000000000000000011111111111111101111111111111110111111111111111
0000000000000000011111111111111101111111111111110111111111111111
0111111111111111111111111011111100000000000000000111111111111111
0111111111111111111111111011111100000000000000000111111111111111
0111111111111111000000000000000001111111111111110111111111111111
0111111111111111000000000000000001111111111111110111111111111111
0111111111111111011111111111111100000000000000000111111111111111
0111111111111111011111111111111100000000000000000111111111111111
0111111111111111011111111111111101111111111111110000000000000000
0111111111111111011111111111111101111111111111110000000000000000
0111111111111111011111111111111101111111111111110111111111111111
0111111111111111011111111111111101111111111111110111111111111111
0111111111111111011111111111111101111111111111110111111111111111
0111111111111111011111111111111101111111111111110111111111111111
0111111111111111011111111111111101111111111111110111111111111111
0111111111111111011111111111111101111111111111110111111111111111
0111111111111111011111111111111101111111111111110111111111111111
0111111111111111011111111111111101111111111111110111111111111111
0111111111111111011111111111111101111111111111110111111111111111
0111111111111111011111111111111101111111111111110111111111111111
0111111111111111011111111111111101111111111111110111111111111111
0111111111111111011111111111111101111111111111110111111111111111
1111111111011010111111111100001011111111101001100000000000000000
1111111111011010111111111100001011111111101001100000000000000000
1111111111001001011111111111111111111111100001010000000000000000
1111111111001001011111111111111111111111100001010000000000000000
1111111111001010111111111011000100000000000000000111111111111111
1111111111001010111111111011000100000000000000000111111111111111
1111111110111001111111111001010101111111111111110000000000000000
1111111110111001111111111001010101111111111111110000000000000000
1111111110110100000000000000000001111111111111110111111111111111
1111111110110100000000000000000001111111111111110111111111111111
1111111110011011011111111111111100000000000000000111111111111111
1111111110011011011111111111111100000000000000000111111111111111
1111111101110011011111111111111101111111111111110000000000000000
1111111101110011011111111111111101111111111111110000000000000000
0111111111111111111111111001001000000000000000000111111111111111
0111111111111111111111111001001000000000000000000111111111111111
0111111111111111111111111011101011111111100110100000000000000000
0111111111111111111111111011101011111111100110100000000000000000
0111111111111111011111111111111111111111011011000000000000000000
0111111111111111011111111111111111111111011011000000000000000000
0111111111111111011111111111111101111111111111110111111111111111
0111111111111111011111111111111101111111111111110111111111111111
0111111111111111011111111111111101111111111111110111111111111111
0111111111111111011111111111111101111111111111110111111111111111
0111111111111111011111111111111101111111111111110111111111111111
0111111111111111011111111111111101111111111111110111111111111111
0111111111111111011111111111111101111111111111110111111111111111
0111111111111111011111111111111101111111111111110111111111111111
0111111111111111011111111111111101111111111111110111111111111111
0111111111111111011111111111111101111111111111110111111111111111
0111111111111111011111111111111101111111111111110111111111111111
0111111111111111011111111111111101111111111111110111111111111111
0111111111111111011111111111111101111111111111110111111111111111
0111111111111111011111111111111101111111111111110111111111111111
0111111111111111011111111111111101111111111111110111111111111111
0111111111111111011111111111111101111111111111110111111111111111
0111111111111111011111111111111101111111111111110111111111111111
0111111111111111011111111111111101111111111111110111111111111111
0111111111111111011111111111111101111111111111110111111111111111
0111111111111111011111111111111101111111111111110111111111111111
0111111111111111011111111111111101111111111111110111111111111111
0111111111111111011111111111111101111111111111110111111111111111
0111111111111111011111111111111101111111111111110111111111111111
0111111111111111011111111111111101111111111111110111111111111111
0111111111111111011111111111111101111111111111110111111111111111
0111111111111111011111111111111101111111111111110111111111111111
0111111111111111011111111111111101111111111111110111111111111111
0111111111111111011111111111111101111111111111110111111111111111
0111111111111111011111111111111101111111111111110111111111111111
0111111111111111011111111111111101111111111111110111111111111111
0111111111111111011111111111111101111111111111110111111111111111
0111111111111111011111111111111101111111111111110111111111111111
0111111111111111011111111111111101111111111111110111111111111111
0111111111111111011111111111111101111111111111110111111111111111
0111111111111111011111111111111101111111111111110111111111111111
0111111111111111011111111111111101111111111111110111111111111111
0111111111111111011111111111111101111111111111110111111111111111
0111111111111111011111111111111101111111111111110111111111111111
0111111111111111011111111111111101111111111111110111111111111111
0111111111111111011111111111111101111111111111110111111111111111
0111111111111111011111111111111101111111111111110111111111111111
0111111111111111011111111111111101111111111111110111111111111111
0111111111111111011111111111111101111111111111110111111111111111
0111111111111111011111111111111101111111111111110111111111111111
0111111111111111011111111111111101111111111111110111111111111111
0111111111111111011111111111111101111111111111110111111111111111
1111111111101011111111111101010001111111111111110111111111111111
1111111111011110011111111111111101111111111111110111111111111111
0111111111111111011111111111111101111111111111110111111111111111
0111111111111111011111111111111101111111111111110111111111111111
0111111111111111011111111111111101111111111111110111111111111111
0111111111111111011111111111111101111111111111110111111111111111
0111111111111111011111111111111101111111111111110111111111111111
0111111111111111011111111111111101111111111111110111111111111111
0111111111111111111111111101001101111111111111110111111111111111
1111111111100111111111111100111011111111101011111111111110001100
1111111111001011111111111010010011111111011101010111111111111111
1111111110010010111111110101000101111111111111110111111111111111
1111111110110100011111111111111111111111010000100111111111111111
1111111111100010011111111111111111111111101001001111111101111101
1111111111011010111111111011100001111111111111111111111101100000
1111111111010000011111111111111101111111111111111111111101000000
0111111111111111111111111001100111111111011001100111111111111111
0111111111111111111111110110101101111111111111110000000000000000
0111111111111111111111111100101111111111101011001111111110001000
0111111111111111111111111011010001111111111111111111111101010111
0111111111111111011111111111111111111111101000001111111101110111
0111111111111111011111111111111101111111111111110111111111111111
0111111111111111011111111111111101111111111111110111111111111111
0111111111111111011111111111111101111111111111110111111111111111
0111111111111111011111111111111101111111111111110111111111111111
0111111111111111011111111111111101111111111111110111111111111111
0111111111111111011111111111111101111111111111110111111111111111
0111111111111111011111111111111101111111111111110111111111111111
0111111111111111011111111111111101111111111111110111111111111111
0111111111111111011111111111111101111111111111110111111111111111
0111111111111111011111111111111101111111111111110111111111111111
0111111111111111011111111111111101111111111111110111111111111111
0111111111111111011111111111111101111111111111110111111111111111
0111111111111111011111111111111101111111111111110111111111111111
