000000000000000000000000000000000000000000000000000000000000
000000000000000000000000000000000000000000000000000000000000
000000000000000000000000000000000000000000000000000000000000
000000000011101000000000011010000000000000000000000000000000
000000000000000000000000000000000000000000000000000000000000
000000000000000000000000000000000000000000000000000000000000
111111101111110111111111011111000000000000000000000000000000
000000000000100000000000001011000000000000000000000000000000
000000000000000000000000000000000000000000000000000000000000
000000000000000000000000000000000000000000000000000000000000
111111110000011111111111100110000000000000000000000000000000
000000000000100000000000001100000000000000000000000000000000
000000000000000000000000000000000000000000000000000000000000
000000000000000000000000000000000000000000000000000000000000
111111101111100111111111011110000000000000000000000000000000
111111111111001000000000000101000000000000000000000000000000
