000000000000000000000000000000000000000000000000000000000000
000000000000000000000000000000000000000000000000000000000000
000000000000000000000000000000000000000000000000000000000000
000000000111110000000000100010000000000000000000000000000000
000000000000000000000000000000000000000000000000000000000000
000000001000011000000000100101000000000000000000000000000000
000000000000000000000000000000000000000000000000000000000000
000000000101000000000000010111000000000000000000000000000000
000000000000000000000000000000000000000000000000000000000000
000000001010100000000000101110000000000000000000000000000000
000000000000000000000000000000000000000000000000000000000000
000000000101111000000000011011000000000000000000000000000000
000000000000000000000000000000000000000000000000000000000000
000000000110010000000000011101000000000000000000000000000000
000000000000000000000000000000000000000000000000000000000000
000000000100000000000000010011000000000000000000000000000000
