000000000000000000000000000000000000000000000000000000000000
000000000000000000000000000000000000000000000000000000000000
000000000000000000000000000000000000000000000000000000000000
111111101111110111111111010001000000000000000000000000000000
000000000000000000000000000000000000000000000000000000000000
111111110010001111111111100000000000000000000000000000000000
000000000000000000000000000000000000000000000000000000000000
111111110010011111111111011100000000000000000000000000000000
000000000000000000000000000000000000000000000000000000000000
111111110001111111111111011111000000000000000000000000000000
000000000000000000000000000000000000000000000000000000000000
111111110001111111111111011010000000000000000000000000000000
000000000000000000000000000000000000000000000000000000000000
111111110011000111111111100100000000000000000000000000000000
000000000000000000000000000000000000000000000000000000000000
111111110011101111111111100001000000000000000000000000000000
