000000000000000000000000000000000000000000000000000000000000
000000000000000000000000000000000000000000000000000000000000
000000000000000000000000000000000000000000000000000000000000
000000000000000000000000000000000000000100010111111101101101
000000000000000000000000000000000000000000000000000000000000
000000000000000000000000000000000000000000001111111111111011
000000000000000000000000000000000000000000000000000000000000
000000000000000000000000000000000000000000001111111111111011
000000000000000000000000000000000000000000000000000000000000
000000000000000000000000000000000000000000000111111111111111
000000000000000000000000000000000000000000000000000000000000
000000000000000000000000000000000000000000000111111111111111
000000000000000000000000000000000000000000000000000000000000
000000000000000000000000000000000000000000000111111111111111
000000000000000000000000000000000000000000000000000000000000
000000000000000000000000000000000000000000000111111111111111
