01111111111111011111111111110111111111111101111111111111
01111111111111011111111111110111111111111101111111111111
01111111111111011111111111110111111111111101111111111111
01111111111111011111111111110111111111111101111111111111
01111111111111011111111111110111111111111101111111111111
01111111111111011111111111110111111111111101111111111111
01111111111111011111111111110111111111111101111111111111
01111111111111011111111111110111111111111101111111111111
01111111111111011111111111110111111111111101111111111111
01111111111111011111111111110111111111111101111111111111
01111111111111011111111111110111111111111101111111111111
01111111111111011111111111110111111111111101111111111111
01111111111111011111111111110111111111111101111111111111
01111111111111011111111111110111111111111101111111111111
01111111111111011111111111110111111111111101111111111111
01111111111111011111111111110111111111111101111111111111
01111111111111011111111111110111111111111101111111111111
01111111111111011111111111110111111111111101111111111111
01111111111111011111111111110111111111111101111111111111
01111111111111011111111111110111111111111101111111111111
01111111111111011111111111110111111111111101111111111111
01111111111111011111111111110111111111111101111111111111
01111111111111011111111111110111111111111101111111111111
01111111111111011111111111110111111111111101111111111111
01111111111111011111111111110111111111111101111111111111
01111111111111011111111111110111111111111101111111111111
01111111111111011111111111110111111111111101111111111111
01111111111111011111111111110111111111111101111111111111
01111111111111011111111111110111111111111101111111111111
01111111111111011111111111110111111111111101111111111111
01111111111111011111111111110111111111111101111111111111
01111111111111011111111111110111111111111101111111111111
01111111111111011111111111110111111111111101111111111111
01111111111111011111111111110111111111111101111111111111
01111111111111011111111111110111111111111101111111111111
01111111111111011111111111110111111111111101111111111111
01111111111111011111111111110111111111111101111111111111
01111111111111011111111111110111111111111101111111111111
01111111111111011111111111110111111111111101111111111111
01111111111111011111111111110111111111111101111111111111
00000011111101111111100000101111000001011001111111111111
00000011011111111111100011101111000001110001111111111111
00000011111111111111011100001111000010000101111111111111
00000011101100111111011010011111000010111101111111111111
00000011101100111111011010011111000010111101111111111111
00000011111111111111011100001111000010000101111111111111
00000011011111111111100011101111000001110001111111111111
00000011111101111111100000101111000001011001111111111111
00000011110011000000011101110111111111111111110001011010
00000011100000000000100000100111111111111111110001011011
00000011111010000000011000100111111111111111110001100010
00000011100101000000010111100111111111111111110001101011
00000011100101000000010111100111111111111111110001101011
00000011111010000000011000100111111111111111110001100010
00000011100000000000100000100111111111111111110001011011
00000011110011000000011101110111111111111111110001011010
00000100100101011111111111111111111000101011110011011100
00000100001111011111111111111111111001010111110011011011
00000100100100011111111111111111110111111011110011100100
00000100011001011111111111111111110110111111110011110011
00000100011001011111111111111111110110111111110011110011
00000100100100011111111111111111110111111011110011100100
00000100001111011111111111111111111001010111110011011011
00000100100101011111111111111111111000101011110011011100
01111111111111000000111010101111111000100111110001101100
01111111111111000000110010011111111001011111110001110011
01111111111111000000111011001111110111011011110001111000
01111111111111000000110101111111110110111111110010001000
01111111111111000000110101111111110110111111110010001000
01111111111111000000111011001111110111011011110001111000
01111111111111000000110010011111111001011111110001110011
01111111111111000000111010101111111000100111110001101100
01111111111111011111111111110111111111111101111111111111
01111111111111011111111111110111111111111101111111111111
01111111111111011111111111110111111111111101111111111111
01111111111111011111111111110111111111111101111111111111
01111111111111011111111111110111111111111101111111111111
01111111111111011111111111110111111111111101111111111111
01111111111111011111111111110111111111111101111111111111
01111111111111011111111111110111111111111101111111111111
01111111111111011111111111110111111111111101111111111111
01111111111111011111111111110111111111111101111111111111
01111111111111011111111111110111111111111101111111111111
01111111111111011111111111110111111111111101111111111111
01111111111111011111111111110111111111111101111111111111
01111111111111011111111111110111111111111101111111111111
01111111111111011111111111110111111111111101111111111111
01111111111111011111111111110111111111111101111111111111
01111111111111011111111111110111111111111101111111111111
01111111111111011111111111110111111111111101111111111111
01111111111111011111111111110111111111111101111111111111
01111111111111011111111111110111111111111101111111111111
01111111111111011111111111110111111111111101111111111111
01111111111111011111111111110111111111111101111111111111
01111111111111011111111111110111111111111101111111111111
01111111111111011111111111110111111111111101111111111111
01111111111111011111111111110111111111111101111111111111
01111111111111011111111111110111111111111101111111111111
01111111111111011111111111110111111111111101111111111111
01111111111111011111111111110111111111111101111111111111
01111111111111011111111111110111111111111101111111111111
01111111111111011111111111110111111111111101111111111111
01111111111111011111111111110111111111111101111111111111
01111111111111011111111111110111111111111101111111111111
01111111111111011111111111110111111111111101111111111111
01111111111111011111111111110111111111111101111111111111
01111111111111011111111111110111111111111101111111111111
01111111111111011111111111110111111111111101111111111111
01111111111111011111111111110111111111111101111111111111
01111111111111011111111111110111111111111101111111111111
01111111111111011111111111110111111111111101111111111111
01111111111111011111111111110111111111111101111111111111
01111111111111011111111111110111111111111101111111111111
01111111111111011111111111110111111111111101111111111111
01111111111111011111111111110111111111111101111111111111
01111111111111011111111111110111111111111101111111111111
01111111111111011111111111110111111111111101111111111111
01111111111111011111111111110111111111111101111111111111
01111111111111011111111111110111111111111101111111111111
01111111111111011111111111110111111111111101111111111111
01111111111111011111111111110111111111111101111111111111
01111111111111011111111111110111111111111101111111111111
01111111111111011111111111110111111111111101111111111111
01111111111111011111111111110111111111111101111111111111
01111111111111011111111111110111111111111101111111111111
01111111111111011111111111110111111111111101111111111111
01111111111111011111111111110111111111111101111111111111
01111111111111011111111111110111111111111101111111111111
01111111111111011111111111110111111111111101111111111111
01111111111111011111111111110111111111111101111111111111
01111111111111011111111111110111111111111101111111111111
01111111111111011111111111110111111111111101111111111111
01111111111111011111111111110111111111111101111111111111
01111111111111011111111111110111111111111101111111111111
01111111111111011111111111110111111111111101111111111111
01111111111111011111111111110111111111111101111111111111
00000101111010000000111110101111110110100011101111100001
00000110000001000000110110111111110111010011101111100110
00000101111110000000111110111111110101011111101111101100
00000110000100000000111010001111110101000011101111111001
00000110000100000000111010001111110101000011101111111001
00000101111110000000111110111111110101011111101111101100
00000110000001000000110110111111110111010011101111100110
00000101111010000000111110101111110110100011101111100001
00000110011111011111111111111111111011110011110001110011
00000101111100011111111111111111111101001111110001101101
00000110100000011111111111111111111010110011110001111110
00000110001110011111111111111111111000101011110010011100
00000110001110011111111111111111111000101011110010011100
00000110100000011111111111111111111010110011110001111110
00000101111100011111111111111111111101001111110001101101
00000110011111011111111111111111111011110011110001110011
00000110101011111111110010101110110101001101111111111111
00000101111101111111111000101110110101011101111111111111
00000110110000111111101100001110110110001001111111111111
00000110010001111111100111101110110111101101111111111111
00000110010001111111100111101110110111101101111111111111
00000110110000111111101100001110110110001001111111111111
00000101111101111111111000101110110101011101111111111111
00000110101011111111110010101110110101001101111111111111
00000101010011000000110010100111111111111111101111110111
00000100110100000000111000100111111111111111101111110101
00000101100001000000101010110111111111111111110000000010
00000100111111000000101000110111111111111111110000010000
00000100111111000000101000110111111111111111110000010000
00000101100001000000101010110111111111111111110000000010
00000100110100000000111000100111111111111111101111110101
00000101010011000000110010100111111111111111101111110111
01111111111111000001100001011111111100111011101111010100
01111111111111000001001111011111111111001111101111011101
01111111111111000001100011001111111010101011101111101011
01111111111111000001010111011111111000111011110000010110
01111111111111000001010111011111111000111011110000010110
01111111111111000001100011001111111010101011101111101011
01111111111111000001001111011111111111001111101111011101
01111111111111000001100001011111111100111011101111010100
01111111111111011111111111110111111111111101111111111111
01111111111111011111111111110111111111111101111111111111
01111111111111011111111111110111111111111101111111111111
01111111111111011111111111110111111111111101111111111111
01111111111111011111111111110111111111111101111111111111
01111111111111011111111111110111111111111101111111111111
01111111111111011111111111110111111111111101111111111111
01111111111111011111111111110111111111111101111111111111
01111111111111011111111111110111111111111101111111111111
01111111111111011111111111110111111111111101111111111111
01111111111111011111111111110111111111111101111111111111
01111111111111011111111111110111111111111101111111111111
01111111111111011111111111110111111111111101111111111111
01111111111111011111111111110111111111111101111111111111
01111111111111011111111111110111111111111101111111111111
01111111111111011111111111110111111111111101111111111111
01111111111111011111111111110111111111111101111111111111
01111111111111011111111111110111111111111101111111111111
01111111111111011111111111110111111111111101111111111111
01111111111111011111111111110111111111111101111111111111
01111111111111011111111111110111111111111101111111111111
01111111111111011111111111110111111111111101111111111111
01111111111111011111111111110111111111111101111111111111
01111111111111011111111111110111111111111101111111111111
01111111111111011111111111110111111111111101111111111111
01111111111111011111111111110111111111111101111111111111
01111111111111011111111111110111111111111101111111111111
01111111111111011111111111110111111111111101111111111111
01111111111111011111111111110111111111111101111111111111
01111111111111011111111111110111111111111101111111111111
01111111111111011111111111110111111111111101111111111111
01111111111111011111111111110111111111111101111111111111
01111111111111011111111111110111111111111101111111111111
01111111111111011111111111110111111111111101111111111111
01111111111111011111111111110111111111111101111111111111
01111111111111011111111111110111111111111101111111111111
01111111111111011111111111110111111111111101111111111111
01111111111111011111111111110111111111111101111111111111
01111111111111011111111111110111111111111101111111111111
01111111111111011111111111110111111111111101111111111111
01111111111111011111111111110111111111111101111111111111
01111111111111011111111111110111111111111101111111111111
01111111111111011111111111110111111111111101111111111111
01111111111111011111111111110111111111111101111111111111
01111111111111011111111111110111111111111101111111111111
01111111111111011111111111110111111111111101111111111111
01111111111111011111111111110111111111111101111111111111
01111111111111011111111111110111111111111101111111111111
01111111111111011111111111110111111111111101111111111111
01111111111111011111111111110111111111111101111111111111
01111111111111011111111111110111111111111101111111111111
01111111111111011111111111110111111111111101111111111111
01111111111111011111111111110111111111111101111111111111
01111111111111011111111111110111111111111101111111111111
01111111111111011111111111110111111111111101111111111111
01111111111111011111111111110111111111111101111111111111
01111111111111011111111111110111111111111101111111111111
01111111111111011111111111110111111111111101111111111111
01111111111111011111111111110111111111111101111111111111
01111111111111011111111111110111111111111101111111111111
01111111111111011111111111110111111111111101111111111111
01111111111111011111111111110111111111111101111111111111
01111111111111011111111111110111111111111101111111111111
01111111111111011111111111110111111111111101111111111111
11111101001100111011001001100111111111111101111111111111
11111101000011111011001010110111111111111101111111111111
11111101000011111011001010110111111111111101111111111111
11111101001100111011001001100111111111111101111111111111
01111111111111111111010100011110111101101101111111111111
01111111111111111111010010101110111110000001111111111111
01111111111111111111010010101110111110000001111111111111
01111111111111111111010100011110111101101101111111111111
01111111111111011111111111110111111111111101111111111111
01111111111111011111111111110111111111111101111111111111
01111111111111011111111111110111111111111101111111111111
01111111111111011111111111110111111111111101111111111111
01111111111111011111111111110111111111111101111111111111
01111111111111011111111111110111111111111101111111111111
01111111111111011111111111110111111111111101111111111111
01111111111111011111111111110111111111111101111111111111
01111111111111011111111111110111111111111101111111111111
01111111111111011111111111110111111111111101111111111111
01111111111111011111111111110111111111111101111111111111
01111111111111011111111111110111111111111101111111111111
01111111111111011111111111110111111111111101111111111111
01111111111111011111111111110111111111111101111111111111
01111111111111011111111111110111111111111101111111111111
01111111111111011111111111110111111111111101111111111111
01111111111111011111111111110111111111111101111111111111
01111111111111011111111111110111111111111101111111111111
01111111111111011111111111110111111111111101111111111111
01111111111111011111111111110111111111111101111111111111
01111111111111011111111111110111111111111101111111111111
01111111111111011111111111110111111111111101111111111111
01111111111111011111111111110111111111111101111111111111
01111111111111011111111111110111111111111101111111111111
01111111111111011111111111110111111111111101111111111111
01111111111111011111111111110111111111111101111111111111
01111111111111011111111111110111111111111101111111111111
01111111111111011111111111110111111111111101111111111111
00000100000101111111010100101110110100111101111111111111
00000100001010111111001111111110110101101001111111111111
00000100001010111111001111111110110101101001111111111111
00000100000101111111010100101110110100111101111111111111
00000011111101000000011110010111111111111111101111101011
00000100000001000000011001110111111111111111101111110011
00000100000001000000011001110111111111111111101111110011
00000011111101000000011110010111111111111111101111101011
00000101000100011111111111111111110101011011110000011011
00000101000111011111111111111111110100001111110000100111
00000101000111011111111111111111110100001111110000100111
00000101000100011111111111111111110101011011110000011011
11111110111000111011001111110111111111111101111111111111
11111110011101111011010011110111111111111101111111111111
11111110011101111011010011110111111111111101111111111111
11111110111000111011001111110111111111111101111111111111
00000011100000011111111111111110111100110101111111111111
00000011000111011111111111111110111101100101111111111111
00000011000111011111111111111110111101100101111111111111
00000011100000011111111111111110111100110101111111111111
00000100010001011111111111110111111111111111110010001100
00000011111110011111111111110111111111111111110010010010
00000011111110011111111111110111111111111111110010010010
00000100010001011111111111110111111111111111110010001100
01111111111111111111101101011110111110101001111111111111
01111111111111111111100110011110111111110101111111111111
01111111111111111111100110011110111111110101111111111111
01111111111111111111101101011110111110101001111111111111
01111111111111000000110011100111111111111111110000100100
01111111111111000000101100010111111111111111110000110010
01111111111111000000101100010111111111111111110000110010
01111111111111000000110011100111111111111111110000100100
01111111111111000000111100111111110101010011101110011100
01111111111111000000111101111111110100010011101110100110
01111111111111000000111101111111110100010011101110100110
01111111111111000000111100111111110101010011101110011100
01111111111111011111111111111111111011101011110001001000
01111111111111011111111111111111111001111111110001011100
01111111111111011111111111111111111001111111110001011100
01111111111111011111111111111111111011101011110001001000
01111111111111011111111111110111111111111101111111111111
01111111111111011111111111110111111111111101111111111111
01111111111111011111111111110111111111111101111111111111
01111111111111011111111111110111111111111101111111111111
01111111111111011111111111110111111111111101111111111111
01111111111111011111111111110111111111111101111111111111
01111111111111011111111111110111111111111101111111111111
01111111111111011111111111110111111111111101111111111111
01111111111111011111111111110111111111111101111111111111
01111111111111011111111111110111111111111101111111111111
01111111111111011111111111110111111111111101111111111111
01111111111111011111111111110111111111111101111111111111
01111111111111011111111111110111111111111101111111111111
01111111111111011111111111110111111111111101111111111111
01111111111111011111111111110111111111111101111111111111
01111111111111011111111111110111111111111101111111111111
01111111111111011111111111110111111111111101111111111111
01111111111111011111111111110111111111111101111111111111
01111111111111011111111111110111111111111101111111111111
01111111111111011111111111110111111111111101111111111111
01111111111111011111111111110111111111111101111111111111
01111111111111011111111111110111111111111101111111111111
01111111111111011111111111110111111111111101111111111111
01111111111111011111111111110111111111111101111111111111
01111111111111011111111111110111111111111101111111111111
01111111111111011111111111110111111111111101111111111111
01111111111111011111111111110111111111111101111111111111
01111111111111011111111111110111111111111101111111111111
01111111111111011111111111110111111111111101111111111111
01111111111111011111111111110111111111111101111111111111
01111111111111011111111111110111111111111101111111111111
01111111111111011111111111110111111111111101111111111111
01111111111111011111111111110111111111111101111111111111
01111111111111011111111111110111111111111101111111111111
01111111111111011111111111110111111111111101111111111111
01111111111111011111111111110111111111111101111111111111
01111111111111011111111111110111111111111101111111111111
01111111111111011111111111110111111111111101111111111111
01111111111111011111111111110111111111111101111111111111
01111111111111011111111111110111111111111101111111111111
01111111111111011111111111110111111111111101111111111111
01111111111111011111111111110111111111111101111111111111
01111111111111011111111111110111111111111101111111111111
01111111111111011111111111110111111111111101111111111111
01111111111111011111111111110111111111111101111111111111
01111111111111011111111111110111111111111101111111111111
01111111111111011111111111110111111111111101111111111111
01111111111111011111111111110111111111111101111111111111
01111111111111011111111111110111111111111101111111111111
01111111111111011111111111110111111111111101111111111111
01111111111111011111111111110111111111111101111111111111
01111111111111011111111111110111111111111101111111111111
01111111111111011111111111110111111111111101111111111111
01111111111111011111111111110111111111111101111111111111
01111111111111011111111111110111111111111101111111111111
01111111111111011111111111110111111111111101111111111111
00000110101111000001000010011111110100011011101100110010
00000110110010000001000011111111110010111011101100111111
00000110110010000001000011111111110010111011101100111111
00000110101111000001000010011111110100011011101100110010
00000111010011011111111111111111111010000111101110111000
00000111011010011111111111111111110111110111101111001111
00000111011010011111111111111111110111110111101111001111
00000111010011011111111111111111111010000111101110111000
00000101100111000000110110100111111111111111101110001001
00000101101111000000101111110111111111111111101110010100
00000101101111000000110000000111111111111111101110010100
00000101100111000000110110100111111111111111101110001001
00000111000100111111101100011110101001110001111111111111
00000111001101111111100100011110101010111001111111111111
00000111001101111111100100011110101010111001111111111111
00000111000100111111101100011110101001110001111111111111
01111111111111000001100111011111111011001111101100011000
01111111111111000001101001111111111001000011101100101011
01111111111111000001101001111111111001000011101100101011
01111111111111000001100111011111111011001111101100011000
00000110010001011111111111110111111111111111110001000110
00000101110100011111111111110111111111111111110001001111
00000101110100011111111111110111111111111111110001001111
00000110010001011111111111110111111111111111110001000110
01111111111111000000010111001110110011100001111111111111
01111111111111000000000111111110110110000001111111111111
01111111111111000000000111111110110110000001111111111111
01111111111111000000010111001110110011100001111111111111
01111111111111011111111111110000000101110111101111001001
01111111111111011111111111110000000000000011110000001100
01111111111111011111111111110000000000000011110000001100
01111111111111011111111111110000000101110111101111001001
00000110011101011111111111111110110011010101111111111111
00000101110110011111111111111110110100010101111111111111
00000101110110011111111111111110110100010101111111111111
00000110011101011111111111111110110011010101111111111111
00000010010100111010001001110111111111111101111111111111
00000001100000111010010001010111111111111101111111111111
00000001100000111010010001010111111111111101111111111111
00000010010100111010001001110111111111111101111111111111
01111111111111000001011110000111111111111111101110110111
01111111111111000001001110010111111111111111101111010101
01111111111111000001001110010111111111111111101111010101
01111111111111000001011110000111111111111111101110110111
01111111111111011111111111110111111111111101111111111111
01111111111111011111111111110111111111111101111111111111
01111111111111011111111111110111111111111101111111111111
01111111111111011111111111110111111111111101111111111111
01111111111111011111111111110111111111111101111111111111
01111111111111011111111111110111111111111101111111111111
01111111111111011111111111110111111111111101111111111111
01111111111111011111111111110111111111111101111111111111
01111111111111011111111111110111111111111101111111111111
01111111111111011111111111110111111111111101111111111111
01111111111111011111111111110111111111111101111111111111
01111111111111011111111111110111111111111101111111111111
01111111111111011111111111110111111111111101111111111111
01111111111111011111111111110111111111111101111111111111
01111111111111011111111111110111111111111101111111111111
01111111111111011111111111110111111111111101111111111111
01111111111111011111111111110111111111111101111111111111
01111111111111011111111111110111111111111101111111111111
01111111111111011111111111110111111111111101111111111111
01111111111111011111111111110111111111111101111111111111
01111111111111011111111111110111111111111101111111111111
01111111111111011111111111110111111111111101111111111111
01111111111111011111111111110111111111111101111111111111
01111111111111011111111111110111111111111101111111111111
01111111111111011111111111110111111111111101111111111111
01111111111111011111111111110111111111111101111111111111
01111111111111011111111111110111111111111101111111111111
01111111111111011111111111110111111111111101111111111111
01111111111111011111111111110111111111111101111111111111
01111111111111011111111111110111111111111101111111111111
01111111111111011111111111110111111111111101111111111111
01111111111111011111111111110111111111111101111111111111
01111111111111011111111111110111111111111101111111111111
01111111111111011111111111110111111111111101111111111111
01111111111111011111111111110111111111111101111111111111
01111111111111011111111111110111111111111101111111111111
01111111111111011111111111110111111111111101111111111111
01111111111111011111111111110111111111111101111111111111
01111111111111011111111111110111111111111101111111111111
01111111111111011111111111110111111111111101111111111111
01111111111111011111111111110111111111111101111111111111
01111111111111011111111111110111111111111101111111111111
01111111111111011111111111110111111111111101111111111111
01111111111111011111111111110111111111111101111111111111
01111111111111011111111111110111111111111101111111111111
01111111111111011111111111110111111111111101111111111111
01111111111111011111111111110111111111111101111111111111
01111111111111011111111111110111111111111101111111111111
01111111111111011111111111110111111111111101111111111111
01111111111111011111111111110111111111111101111111111111
01111111111111011111111111110111111111111101111111111111
01111111111111011111111111110111111111111101111111111111
01111111111111011111111111110111111111111101111111111111
01111111111111011111111111110111111111111101111111111111
01111111111111011111111111110111111111111101111111111111
01111111111111011111111111110111111111111101111111111111
01111111111111011111111111110111111111111101111111111111
01111111111111011111111111110111111111111101111111111111
01111111111111011111111111110111111111111101111111111111
01111111111111011111111111110111111111111101111111111111
01111111111111011111111111110111111111111101111111111111
01111111111111011111111111110111111111111101111111111111
01111111111111011111111111110111111111111101111111111111
01111111111111011111111111110111111111111101111111111111
01111111111111011111111111110111111111111101111111111111
01111111111111011111111111110111111111111101111111111111
01111111111111011111111111110111111111111101111111111111
01111111111111011111111111110111111111111101111111111111
01111111111111011111111111110111111111111101111111111111
01111111111111011111111111110111111111111101111111111111
01111111111111011111111111110111111111111101111111111111
01111111111111011111111111110111111111111101111111111111
01111111111111011111111111110111111111111101111111111111
01111111111111011111111111110111111111111101111111111111
01111111111111011111111111110111111111111101111111111111
01111111111111011111111111110111111111111101111111111111
01111111111111011111111111110111111111111101111111111111
01111111111111011111111111110111111111111101111111111111
01111111111111011111111111110111111111111101111111111111
01111111111111011111111111110111111111111101111111111111
01111111111111011111111111110111111111111101111111111111
01111111111111011111111111110111111111111101111111111111
01111111111111011111111111110111111111111101111111111111
01111111111111011111111111110111111111111101111111111111
01111111111111011111111111110111111111111101111111111111
01111111111111011111111111110111111111111101111111111111
01111111111111011111111111110111111111111101111111111111
01111111111111011111111111110111111111111101111111111111
01111111111111011111111111110111111111111101111111111111
01111111111111011111111111110111111111111101111111111111
01111111111111011111111111110111111111111101111111111111
01111111111111011111111111110111111111111101111111111111
01111111111111011111111111110111111111111101111111111111
01111111111111011111111111110111111111111101111111111111
01111111111111011111111111110111111111111101111111111111
01111111111111011111111111110111111111111101111111111111
11101000000101011111111111110111111111111101111111111111
11101000000101011111111111110111111111111101111111111111
01111111111111000000110101110111111111111111101010010000
01111111111111000000110101110111111111111111101010010000
01111111111111011111111111110111111111111101111111111111
01111111111111011111111111110111111111111101111111111111
01111111111111011111111111110111111111111101111111111111
01111111111111011111111111110111111111111101111111111111
01111111111111011111111111110111111111111101111111111111
01111111111111011111111111110111111111111101111111111111
01111111111111011111111111110111111111111101111111111111
01111111111111011111111111110111111111111101111111111111
01111111111111011111111111110111111111111101111111111111
01111111111111011111111111110111111111111101111111111111
01111111111111011111111111110111111111111101111111111111
01111111111111011111111111110111111111111101111111111111
01111111111111011111111111110111111111111101111111111111
01111111111111011111111111110111111111111101111111111111
01111111111111011111111111110111111111111101111111111111
01111111111111011111111111110111111111111101111111111111
01111111111111011111111111110111111111111101111111111111
01111111111111011111111111110111111111111101111111111111
00000100110001111111000001111110100010100101111111111111
00000100110001111111000001111110100010100101111111111111
00000100111100000000011110100111111111111111101001101101
00000100111100000000011110100111111111111111101001101101
11111101110001111010000010010111111111111101111111111111
11111101110001111010000010010111111111111101111111111111
00000011101101011111111111111110100011101101111111111111
00000011101101011111111111111110100011101101111111111111
00000101000001011111111111110111111111111111101100010001
00000101000001011111111111110111111111111111101100010001
11101001101110011111111111110111111111111101111111111111
11101001101110011111111111110111111111111101111111111111
01111111111111111111010101111110100110101001111111111111
01111111111111111111010101111110100110101001111111111111
01111111111111111010011000010111111111111101111111111111
01111111111111111010011000010111111111111101111111111111
01111111111111011111111111111110110001011001111111111111
01111111111111011111111111111110110001011001111111111111
01111111111111011111111111110111111111111111101110000000
01111111111111011111111111110111111111111111101110000000
01111111111111011111111111110111111111111101111111111111
01111111111111011111111111110111111111111101111111111111
01111111111111011111111111110111111111111101111111111111
01111111111111011111111111110111111111111101111111111111
01111111111111011111111111110111111111111101111111111111
01111111111111011111111111110111111111111101111111111111
01111111111111011111111111110111111111111101111111111111
01111111111111011111111111110111111111111101111111111111
01111111111111011111111111110111111111111101111111111111
01111111111111011111111111110111111111111101111111111111
01111111111111011111111111110111111111111101111111111111
01111111111111011111111111110111111111111101111111111111
00000111101100000001001010101111110000011011101001011001
00000111101100000001001010101111110000011011101001011001
00001000101111011111111111111111110101010011101010011100
00001000101111011111111111111111110101010011101010011100
00000111110111111111011101111110011011011001111111111111
00000111110111111111011101111110011011011001111111111111
00000110110100000000111011000111111111111111101001000000
00000110110100000000111011000111111111111111101001000000
00000001011111111001010001010111111111111101111111111111
00000001011111111001010001010111111111111101111111111111
00000111000011011111111111111110011110010101111111111111
00000111000011011111111111111110011110010101111111111111
00000111011110011111111111110111111111111111101011111011
00000111011110011111111111110111111111111111101011111011
01111111111111000000000110101110100001001001111111111111
01111111111111000000000110101110100001001001111111111111
01111111111111000001110011011111110111101011101001000000
01111111111111000001110011011111110111101011101001000000
01111111111111011111111111110000000001010111101010101011
01111111111111011111111111110000000001010111101010101011
01111111111111011111111111110111111111111101111111111111
01111111111111011111111111110111111111111101111111111111
01111111111111011111111111110111111111111101111111111111
01111111111111011111111111110111111111111101111111111111
01111111111111011111111111110111111111111101111111111111
01111111111111011111111111110111111111111101111111111111
01111111111111011111111111110111111111111101111111111111
01111111111111011111111111110111111111111101111111111111
01111111111111011111111111110111111111111101111111111111
01111111111111011111111111110111111111111101111111111111
01111111111111011111111111110111111111111101111111111111
01111111111111011111111111110111111111111101111111111111
01111111111111011111111111110111111111111101111111111111
01111111111111011111111111110111111111111101111111111111
01111111111111011111111111110111111111111101111111111111
01111111111111011111111111110111111111111101111111111111
01111111111111011111111111110111111111111101111111111111
01111111111111011111111111110111111111111101111111111111
01111111111111011111111111110111111111111101111111111111
01111111111111011111111111110111111111111101111111111111
01111111111111011111111111110111111111111101111111111111
01111111111111011111111111110111111111111101111111111111
01111111111111011111111111110111111111111101111111111111
01111111111111011111111111110111111111111101111111111111
01111111111111011111111111110111111111111101111111111111
01111111111111011111111111110111111111111101111111111111
01111111111111011111111111110111111111111101111111111111
01111111111111011111111111110111111111111101111111111111
01111111111111011111111111110111111111111101111111111111
01111111111111011111111111110111111111111101111111111111
01111111111111011111111111110111111111111101111111111111
01111111111111011111111111110111111111111101111111111111
01111111111111011111111111110111111111111101111111111111
01111111111111011111111111110111111111111101111111111111
01111111111111011111111111110111111111111101111111111111
01111111111111011111111111110111111111111101111111111111
01111111111111011111111111110111111111111101111111111111
01111111111111011111111111110111111111111101111111111111
01111111111111011111111111110111111111111101111111111111
01111111111111011111111111110111111111111101111111111111
01111111111111011111111111110111111111111101111111111111
01111111111111011111111111110111111111111101111111111111
01111111111111011111111111110111111111111101111111111111
01111111111111011111111111110111111111111101111111111111
01111111111111011111111111110111111111111101111111111111
01111111111111011111111111110111111111111101111111111111
11111111001000110100010101000111111111111101111111111111
11001111000010011111111111110111111111111101111111111111
01111111111111011111111111110111111111111101111111111111
01111111111111011111111111110111111111111101111111111111
01111111111111011111111111110111111111111101111111111111
01111111111111011111111111110111111111111101111111111111
01111111111111011111111111110111111111111101111111111111
01111111111111011111111111110111111111111101111111111111
01111111111111110100001111000111111111111101111111111111
00001001001101000001010111011111101011110111100011101011
00001010000011111111000100101101110001000001111111111111
00000000001001110100101000110111111111111101111111111111
00001001001110011111111111111101101000100101111111111111
00001010010111011111111111111111110001100011100100110111
00001000101000000001000111100111111111111111100000101110
00001001110001011111111111110111111111111111100010011101
01111111111111111111110101011101110111100101111111111111
01111111111111000001100110000111111111111111101001101000
01111111111111000010000101111111110100000011100011001001
01111111111111000001111010010111111111111111100001010111
01111111111111011111111111111111111111000011100100111110
01111111111111011111111111110111111111111101111111111111
01111111111111011111111111110111111111111101111111111111
01111111111111011111111111110111111111111101111111111111
01111111111111011111111111110111111111111101111111111111
01111111111111011111111111110111111111111101111111111111
01111111111111011111111111110111111111111101111111111111
01111111111111011111111111110111111111111101111111111111
01111111111111011111111111110111111111111101111111111111
01111111111111011111111111110111111111111101111111111111
01111111111111011111111111110111111111111101111111111111
01111111111111011111111111110111111111111101111111111111
01111111111111011111111111110111111111111101111111111111
01111111111111011111111111110111111111111101111111111111
