01111111111111011111111111110111111111111101111111111111
01111111111111011111111111110111111111111101111111111111
01111111111111011111111111110111111111111101111111111111
01111111111111011111111111110111111111111101111111111111
01111111111111011111111111110111111111111101111111111111
01111111111111011111111111110111111111111101111111111111
01111111111111011111111111110111111111111101111111111111
01111111111111011111111111110111111111111101111111111111
01111111111111011111111111110111111111111101111111111111
01111111111111011111111111110111111111111101111111111111
01111111111111011111111111110111111111111101111111111111
01111111111111011111111111110111111111111101111111111111
01111111111111011111111111110111111111111101111111111111
01111111111111011111111111110111111111111101111111111111
01111111111111011111111111110111111111111101111111111111
01111111111111011111111111110111111111111101111111111111
01111111111111011111111111110111111111111101111111111111
01111111111111011111111111110111111111111101111111111111
01111111111111011111111111110111111111111101111111111111
01111111111111011111111111110111111111111101111111111111
01111111111111011111111111110111111111111101111111111111
01111111111111011111111111110111111111111101111111111111
01111111111111011111111111110111111111111101111111111111
01111111111111011111111111110111111111111101111111111111
01111111111111011111111111110111111111111101111111111111
01111111111111011111111111110111111111111101111111111111
01111111111111011111111111110111111111111101111111111111
01111111111111011111111111110111111111111101111111111111
01111111111111011111111111110111111111111101111111111111
01111111111111011111111111110111111111111101111111111111
01111111111111011111111111110111111111111101111111111111
01111111111111011111111111110111111111111101111111111111
01111111111111011111111111110111111111111101111111111111
01111111111111011111111111110111111111111101111111111111
01111111111111011111111111110111111111111101111111111111
01111111111111011111111111110111111111111101111111111111
01111111111111011111111111110111111111111101111111111111
01111111111111011111111111110111111111111101111111111111
01111111111111011111111111110111111111111101111111111111
01111111111111011111111111110111111111111101111111111111
00000000000011000000000000101111111111111001111111111111
11111111110110000000000001100000000000000001111111111111
00000000000111111111111100010000000000011101111111111111
11111111111010111111111101010000000000101101111111111111
00000000000110000000000010111111111111010101111111111111
11111111111001000000000011111111111111100101111111111111
00000000001010111111111110100000000000000001111111111111
11111111111101111111111111100000000000001001111111111111
00000000000011000000000000110111111111111111111111111110
11111111110110000000000010000111111111111100000000000000
00000000001000111111111100010111111111111100000000000101
11111111111011111111111101100111111111111100000000000111
00000000000101000000000010100111111111111111111111111001
11111111111000000000000011110111111111111111111111111011
00000000001010111111111110000111111111111100000000000000
11111111111101111111111111010111111111111100000000000010
00000000000100011111111111110000000000001011111111111110
11111111110111011111111111110000000000011011111111111111
00000000001000011111111111111111111110110000000000001100
11111111111011011111111111111111111111000000000000001101
00000000000101011111111111110000000001000011111111110011
11111111111000011111111111110000000001010011111111110100
00000000001001011111111111111111111111101000000000000001
11111111111100011111111111111111111111111000000000000010
01111111111111000000000001000000000000001011111111111101
01111111111111111111111100010000000000100000000000000001
01111111111111000000000010101111111110101100000000001011
01111111111111111111111110001111111111000100000000010000
01111111111111000000000010000000000000111111111111110000
01111111111111111111111101100000000001010111111111110101
01111111111111000000000011111111111111100011111111111111
01111111111111111111111111001111111111111000000000000011
01111111111111011111111111110111111111111101111111111111
01111111111111011111111111110111111111111101111111111111
01111111111111011111111111110111111111111101111111111111
01111111111111011111111111110111111111111101111111111111
01111111111111011111111111110111111111111101111111111111
01111111111111011111111111110111111111111101111111111111
01111111111111011111111111110111111111111101111111111111
01111111111111011111111111110111111111111101111111111111
01111111111111011111111111110111111111111101111111111111
01111111111111011111111111110111111111111101111111111111
01111111111111011111111111110111111111111101111111111111
01111111111111011111111111110111111111111101111111111111
01111111111111011111111111110111111111111101111111111111
01111111111111011111111111110111111111111101111111111111
01111111111111011111111111110111111111111101111111111111
01111111111111011111111111110111111111111101111111111111
01111111111111011111111111110111111111111101111111111111
01111111111111011111111111110111111111111101111111111111
01111111111111011111111111110111111111111101111111111111
01111111111111011111111111110111111111111101111111111111
01111111111111011111111111110111111111111101111111111111
01111111111111011111111111110111111111111101111111111111
01111111111111011111111111110111111111111101111111111111
01111111111111011111111111110111111111111101111111111111
01111111111111011111111111110111111111111101111111111111
01111111111111011111111111110111111111111101111111111111
01111111111111011111111111110111111111111101111111111111
01111111111111011111111111110111111111111101111111111111
01111111111111011111111111110111111111111101111111111111
01111111111111011111111111110111111111111101111111111111
01111111111111011111111111110111111111111101111111111111
01111111111111011111111111110111111111111101111111111111
01111111111111011111111111110111111111111101111111111111
01111111111111011111111111110111111111111101111111111111
01111111111111011111111111110111111111111101111111111111
01111111111111011111111111110111111111111101111111111111
01111111111111011111111111110111111111111101111111111111
01111111111111011111111111110111111111111101111111111111
01111111111111011111111111110111111111111101111111111111
01111111111111011111111111110111111111111101111111111111
01111111111111011111111111110111111111111101111111111111
01111111111111011111111111110111111111111101111111111111
01111111111111011111111111110111111111111101111111111111
01111111111111011111111111110111111111111101111111111111
01111111111111011111111111110111111111111101111111111111
01111111111111011111111111110111111111111101111111111111
01111111111111011111111111110111111111111101111111111111
01111111111111011111111111110111111111111101111111111111
01111111111111011111111111110111111111111101111111111111
01111111111111011111111111110111111111111101111111111111
01111111111111011111111111110111111111111101111111111111
01111111111111011111111111110111111111111101111111111111
01111111111111011111111111110111111111111101111111111111
01111111111111011111111111110111111111111101111111111111
01111111111111011111111111110111111111111101111111111111
01111111111111011111111111110111111111111101111111111111
01111111111111011111111111110111111111111101111111111111
01111111111111011111111111110111111111111101111111111111
01111111111111011111111111110111111111111101111111111111
01111111111111011111111111110111111111111101111111111111
01111111111111011111111111110111111111111101111111111111
01111111111111011111111111110111111111111101111111111111
01111111111111011111111111110111111111111101111111111111
01111111111111011111111111110111111111111101111111111111
11111111111110000000000001000000000000001011111111111110
00000000000000111111111101100000000000011000000000000000
00000000000000000000000010001111111111000000000000001000
00000000000011111111111110101111111111010000000000001011
11111111111101000000000001100000000000110011111111110101
00000000000000111111111110000000000001000011111111111000
00000000000000000000000010101111111111101000000000000000
00000000000010111111111111001111111111111000000000000010
00000000000110011111111111110000000000001111111111111101
11111111110100011111111111110000000000101011111111111101
00000000001011011111111111111111111110010000000000010001
11111111111011011111111111111111111110101000000000010001
00000000000101011111111111110000000001011011111111101111
11111111110101011111111111110000000001110011111111101111
00000000001100011111111111111111111111011000000000000011
11111111111010011111111111111111111111110100000000000011
00000000000100000000000000101111111111111001111111111111
11111111110100000000000010000000000000000001111111111111
00000000001001111111111011010000000000100101111111111111
11111111111010111111111100100000000000110001111111111111
00000000000110000000000011101111111111010001111111111111
11111111110111000000000100111111111111011101111111111111
00000000001100111111111110000000000000000001111111111111
11111111111100111111111111100000000000001001111111111111
00000000000101000000000001010111111111111111111111111101
11111111110010000000000011010111111111111111111111111110
00000000001100111111111010110111111111111100000000000111
11111111111010111111111100110111111111111100000000001000
00000000000110000000000011010111111111111111111111111000
11111111110100000000000101010111111111111111111111111001
00000000001110111111111100110111111111111100000000000010
11111111111011111111111110110111111111111100000000000011
01111111111111000000000010000000000000010011111111111010
01111111111111111111111001100000000001000000000000000000
01111111111111000000000100101111111101101000000000010010
01111111111111111111111100111111111110010100000000011010
01111111111111000000000011010000000001101111111111100110
01111111111111111111111011100000000010011011111111101110
01111111111111000000000110101111111111000000000000000000
01111111111111111111111110001111111111110000000000000110
01111111111111011111111111110111111111111101111111111111
01111111111111011111111111110111111111111101111111111111
01111111111111011111111111110111111111111101111111111111
01111111111111011111111111110111111111111101111111111111
01111111111111011111111111110111111111111101111111111111
01111111111111011111111111110111111111111101111111111111
01111111111111011111111111110111111111111101111111111111
01111111111111011111111111110111111111111101111111111111
01111111111111011111111111110111111111111101111111111111
01111111111111011111111111110111111111111101111111111111
01111111111111011111111111110111111111111101111111111111
01111111111111011111111111110111111111111101111111111111
01111111111111011111111111110111111111111101111111111111
01111111111111011111111111110111111111111101111111111111
01111111111111011111111111110111111111111101111111111111
01111111111111011111111111110111111111111101111111111111
01111111111111011111111111110111111111111101111111111111
01111111111111011111111111110111111111111101111111111111
01111111111111011111111111110111111111111101111111111111
01111111111111011111111111110111111111111101111111111111
01111111111111011111111111110111111111111101111111111111
01111111111111011111111111110111111111111101111111111111
01111111111111011111111111110111111111111101111111111111
01111111111111011111111111110111111111111101111111111111
01111111111111011111111111110111111111111101111111111111
01111111111111011111111111110111111111111101111111111111
01111111111111011111111111110111111111111101111111111111
01111111111111011111111111110111111111111101111111111111
01111111111111011111111111110111111111111101111111111111
01111111111111011111111111110111111111111101111111111111
01111111111111011111111111110111111111111101111111111111
01111111111111011111111111110111111111111101111111111111
01111111111111011111111111110111111111111101111111111111
01111111111111011111111111110111111111111101111111111111
01111111111111011111111111110111111111111101111111111111
01111111111111011111111111110111111111111101111111111111
01111111111111011111111111110111111111111101111111111111
01111111111111011111111111110111111111111101111111111111
01111111111111011111111111110111111111111101111111111111
01111111111111011111111111110111111111111101111111111111
01111111111111011111111111110111111111111101111111111111
01111111111111011111111111110111111111111101111111111111
01111111111111011111111111110111111111111101111111111111
01111111111111011111111111110111111111111101111111111111
01111111111111011111111111110111111111111101111111111111
01111111111111011111111111110111111111111101111111111111
01111111111111011111111111110111111111111101111111111111
01111111111111011111111111110111111111111101111111111111
01111111111111011111111111110111111111111101111111111111
01111111111111011111111111110111111111111101111111111111
01111111111111011111111111110111111111111101111111111111
01111111111111011111111111110111111111111101111111111111
01111111111111011111111111110111111111111101111111111111
01111111111111011111111111110111111111111101111111111111
01111111111111011111111111110111111111111101111111111111
01111111111111011111111111110111111111111101111111111111
01111111111111011111111111110111111111111101111111111111
01111111111111011111111111110111111111111101111111111111
01111111111111011111111111110111111111111101111111111111
01111111111111011111111111110111111111111101111111111111
01111111111111011111111111110111111111111101111111111111
01111111111111011111111111110111111111111101111111111111
01111111111111011111111111110111111111111101111111111111
01111111111111011111111111110111111111111101111111111111
00000000000001000000000000000111111111111101111111111111
11111111111101000000000000100111111111111101111111111111
00000000000011111111111111100111111111111101111111111111
11111111111111000000000000000111111111111101111111111111
01111111111111000000000000010000000000000001111111111111
01111111111111111111111111000000000000001101111111111111
01111111111111000000000001001111111111110101111111111111
01111111111111111111111111110000000000000001111111111111
01111111111111011111111111110111111111111101111111111111
01111111111111011111111111110111111111111101111111111111
01111111111111011111111111110111111111111101111111111111
01111111111111011111111111110111111111111101111111111111
01111111111111011111111111110111111111111101111111111111
01111111111111011111111111110111111111111101111111111111
01111111111111011111111111110111111111111101111111111111
01111111111111011111111111110111111111111101111111111111
01111111111111011111111111110111111111111101111111111111
01111111111111011111111111110111111111111101111111111111
01111111111111011111111111110111111111111101111111111111
01111111111111011111111111110111111111111101111111111111
01111111111111011111111111110111111111111101111111111111
01111111111111011111111111110111111111111101111111111111
01111111111111011111111111110111111111111101111111111111
01111111111111011111111111110111111111111101111111111111
01111111111111011111111111110111111111111101111111111111
01111111111111011111111111110111111111111101111111111111
01111111111111011111111111110111111111111101111111111111
01111111111111011111111111110111111111111101111111111111
01111111111111011111111111110111111111111101111111111111
01111111111111011111111111110111111111111101111111111111
01111111111111011111111111110111111111111101111111111111
01111111111111011111111111110111111111111101111111111111
01111111111111011111111111110111111111111101111111111111
01111111111111011111111111110111111111111101111111111111
01111111111111011111111111110111111111111101111111111111
01111111111111011111111111110111111111111101111111111111
11111111111110000000000000100000000000000001111111111111
00000000000000111111111110000000000000011001111111111111
00000000000000000000000010001111111111101001111111111111
00000000000010111111111111100000000000000001111111111111
11111111111111000000000000110111111111111111111111111111
00000000000000111111111110000111111111111100000000000011
00000000000000000000000010000111111111111111111111111101
00000000000001111111111111010111111111111100000000000001
11111111111111011111111111110000000000001011111111111111
00000000000000011111111111111111111111010000000000001001
00000000000000011111111111110000000000110011111111110111
00000000000001011111111111111111111111111000000000000001
00000000000010000000000000000111111111111101111111111111
11111111110110000000000001110111111111111101111111111111
00000000001010111111111110010111111111111101111111111111
11111111111110000000000000000111111111111101111111111111
00000000000100011111111111111111111111111101111111111111
11111111110111011111111111110000000000010001111111111111
00000000001001011111111111111111111111110001111111111111
11111111111100011111111111110000000000000101111111111111
00000000000100011111111111110111111111111111111111111111
11111111111000011111111111110111111111111100000000000010
00000000001000011111111111110111111111111111111111111110
11111111111100011111111111110111111111111100000000000001
01111111111111000000000000111111111111111101111111111111
01111111111111111111111100100000000000101001111111111111
01111111111111000000000011101111111111011001111111111111
01111111111111111111111111010000000000000101111111111111
01111111111111000000000001010111111111111111111111111110
01111111111111111111111100110111111111111100000000000110
01111111111111000000000011010111111111111111111111111010
01111111111111111111111110110111111111111100000000000010
01111111111111111111111111100000000000001000000000000000
01111111111111000000000000001111111111011000000000000111
01111111111111000000000000000000000000101011111111111001
01111111111111000000000000101111111111111000000000000000
01111111111111011111111111110000000000001111111111111110
01111111111111011111111111111111111110111000000000001101
01111111111111011111111111110000000001001011111111110011
01111111111111011111111111111111111111110100000000000010
01111111111111011111111111110111111111111101111111111111
01111111111111011111111111110111111111111101111111111111
01111111111111011111111111110111111111111101111111111111
01111111111111011111111111110111111111111101111111111111
01111111111111011111111111110111111111111101111111111111
01111111111111011111111111110111111111111101111111111111
01111111111111011111111111110111111111111101111111111111
01111111111111011111111111110111111111111101111111111111
01111111111111011111111111110111111111111101111111111111
01111111111111011111111111110111111111111101111111111111
01111111111111011111111111110111111111111101111111111111
01111111111111011111111111110111111111111101111111111111
01111111111111011111111111110111111111111101111111111111
01111111111111011111111111110111111111111101111111111111
01111111111111011111111111110111111111111101111111111111
01111111111111011111111111110111111111111101111111111111
01111111111111011111111111110111111111111101111111111111
01111111111111011111111111110111111111111101111111111111
01111111111111011111111111110111111111111101111111111111
01111111111111011111111111110111111111111101111111111111
01111111111111011111111111110111111111111101111111111111
01111111111111011111111111110111111111111101111111111111
01111111111111011111111111110111111111111101111111111111
01111111111111011111111111110111111111111101111111111111
01111111111111011111111111110111111111111101111111111111
01111111111111011111111111110111111111111101111111111111
01111111111111011111111111110111111111111101111111111111
01111111111111011111111111110111111111111101111111111111
01111111111111011111111111110111111111111101111111111111
01111111111111011111111111110111111111111101111111111111
01111111111111011111111111110111111111111101111111111111
01111111111111011111111111110111111111111101111111111111
01111111111111011111111111110111111111111101111111111111
01111111111111011111111111110111111111111101111111111111
01111111111111011111111111110111111111111101111111111111
01111111111111011111111111110111111111111101111111111111
01111111111111011111111111110111111111111101111111111111
01111111111111011111111111110111111111111101111111111111
01111111111111011111111111110111111111111101111111111111
01111111111111011111111111110111111111111101111111111111
01111111111111011111111111110111111111111101111111111111
01111111111111011111111111110111111111111101111111111111
01111111111111011111111111110111111111111101111111111111
01111111111111011111111111110111111111111101111111111111
01111111111111011111111111110111111111111101111111111111
01111111111111011111111111110111111111111101111111111111
01111111111111011111111111110111111111111101111111111111
01111111111111011111111111110111111111111101111111111111
01111111111111011111111111110111111111111101111111111111
01111111111111011111111111110111111111111101111111111111
01111111111111011111111111110111111111111101111111111111
01111111111111011111111111110111111111111101111111111111
01111111111111011111111111110111111111111101111111111111
01111111111111011111111111110111111111111101111111111111
01111111111111011111111111110111111111111101111111111111
01111111111111011111111111110111111111111101111111111111
00000000000000111111111111100000000000001100000000000000
00000000000001000000000000001111111111010100000000000111
11111111111111000000000000000000000000101111111111111001
00000000000000000000000000101111111111110100000000000000
11111111111110011111111111110000000000010011111111111110
00000000000010011111111111111111111110110100000000001101
11111111111110011111111111110000000001001111111111110011
00000000000010011111111111111111111111110000000000000010
11111111111110000000000001000111111111111111111111111111
00000000000001111111111101110111111111111100000000000100
11111111111111000000000010010111111111111111111111111100
00000000000010111111111111000111111111111100000000000001
11111111111110000000000000110000000000000001111111111111
00000000000000111111111101100000000000011101111111111111
00000000000000000000000010101111111111100101111111111111
00000000000010111111111111010000000000000001111111111111
01111111111111111111111111000000000000010011111111111111
01111111111111000000000000011111111111000100000000001010
01111111111111111111111111110000000000111111111111110110
01111111111111000000000001001111111111110000000000000001
00000000000110011111111111110111111111111111111111111111
11111111110110011111111111110111111111111100000000000011
00000000001010011111111111110111111111111111111111111101
11111111111010011111111111110111111111111100000000000001
01111111111111000000000001011111111111111001111111111111
01111111111111111111111010100000000000111101111111111111
01111111111111000000000101101111111111000101111111111111
01111111111111111111111110110000000000001001111111111111
01111111111111011111111111110000000000101011111111111001
01111111111111011111111111111111111101001100000000100001
01111111111111011111111111110000000010110111111111011111
01111111111111011111111111111111111111011000000000000111
00000000000101011111111111111111111111111101111111111111
11111111110110011111111111110000000000010001111111111111
00000000001010011111111111111111111111110001111111111111
11111111111011011111111111110000000000000101111111111111
00000000000011000000000000000111111111111101111111111111
11111111110100000000000010000111111111111101111111111111
00000000001100111111111110000111111111111101111111111111
11111111111101000000000000000111111111111101111111111111
01111111111111000000000010010111111111111111111111111100
01111111111111111111111010100111111111111100000000001011
01111111111111000000000101100111111111111111111111110101
01111111111111111111111101110111111111111100000000000100
01111111111111011111111111110111111111111101111111111111
01111111111111011111111111110111111111111101111111111111
01111111111111011111111111110111111111111101111111111111
01111111111111011111111111110111111111111101111111111111
01111111111111011111111111110111111111111101111111111111
01111111111111011111111111110111111111111101111111111111
01111111111111011111111111110111111111111101111111111111
01111111111111011111111111110111111111111101111111111111
01111111111111011111111111110111111111111101111111111111
01111111111111011111111111110111111111111101111111111111
01111111111111011111111111110111111111111101111111111111
01111111111111011111111111110111111111111101111111111111
01111111111111011111111111110111111111111101111111111111
01111111111111011111111111110111111111111101111111111111
01111111111111011111111111110111111111111101111111111111
01111111111111011111111111110111111111111101111111111111
01111111111111011111111111110111111111111101111111111111
01111111111111011111111111110111111111111101111111111111
01111111111111011111111111110111111111111101111111111111
01111111111111011111111111110111111111111101111111111111
01111111111111011111111111110111111111111101111111111111
01111111111111011111111111110111111111111101111111111111
01111111111111011111111111110111111111111101111111111111
01111111111111011111111111110111111111111101111111111111
01111111111111011111111111110111111111111101111111111111
01111111111111011111111111110111111111111101111111111111
01111111111111011111111111110111111111111101111111111111
01111111111111011111111111110111111111111101111111111111
01111111111111011111111111110111111111111101111111111111
01111111111111011111111111110111111111111101111111111111
01111111111111011111111111110111111111111101111111111111
01111111111111011111111111110111111111111101111111111111
01111111111111011111111111110111111111111101111111111111
01111111111111011111111111110111111111111101111111111111
01111111111111011111111111110111111111111101111111111111
01111111111111011111111111110111111111111101111111111111
01111111111111011111111111110111111111111101111111111111
01111111111111011111111111110111111111111101111111111111
01111111111111011111111111110111111111111101111111111111
01111111111111011111111111110111111111111101111111111111
01111111111111011111111111110111111111111101111111111111
01111111111111011111111111110111111111111101111111111111
01111111111111011111111111110111111111111101111111111111
01111111111111011111111111110111111111111101111111111111
01111111111111011111111111110111111111111101111111111111
01111111111111011111111111110111111111111101111111111111
01111111111111011111111111110111111111111101111111111111
01111111111111011111111111110111111111111101111111111111
01111111111111011111111111110111111111111101111111111111
01111111111111011111111111110111111111111101111111111111
01111111111111011111111111110111111111111101111111111111
01111111111111011111111111110111111111111101111111111111
01111111111111011111111111110111111111111101111111111111
01111111111111011111111111110111111111111101111111111111
01111111111111011111111111110111111111111101111111111111
01111111111111011111111111110111111111111101111111111111
01111111111111011111111111110111111111111101111111111111
01111111111111011111111111110111111111111101111111111111
01111111111111011111111111110111111111111101111111111111
01111111111111011111111111110111111111111101111111111111
01111111111111011111111111110111111111111101111111111111
01111111111111011111111111110111111111111101111111111111
01111111111111011111111111110111111111111101111111111111
01111111111111011111111111110111111111111101111111111111
01111111111111011111111111110111111111111101111111111111
01111111111111011111111111110111111111111101111111111111
01111111111111011111111111110111111111111101111111111111
01111111111111011111111111110111111111111101111111111111
01111111111111011111111111110111111111111101111111111111
01111111111111011111111111110111111111111101111111111111
01111111111111011111111111110111111111111101111111111111
01111111111111011111111111110111111111111101111111111111
01111111111111011111111111110111111111111101111111111111
01111111111111011111111111110111111111111101111111111111
01111111111111011111111111110111111111111101111111111111
01111111111111011111111111110111111111111101111111111111
01111111111111011111111111110111111111111101111111111111
01111111111111011111111111110111111111111101111111111111
01111111111111011111111111110111111111111101111111111111
01111111111111011111111111110111111111111101111111111111
01111111111111011111111111110111111111111101111111111111
01111111111111011111111111110111111111111101111111111111
01111111111111011111111111110111111111111101111111111111
01111111111111011111111111110111111111111101111111111111
01111111111111011111111111110111111111111101111111111111
01111111111111011111111111110111111111111101111111111111
01111111111111011111111111110111111111111101111111111111
01111111111111011111111111110111111111111101111111111111
01111111111111011111111111110111111111111101111111111111
01111111111111011111111111110111111111111101111111111111
01111111111111011111111111110111111111111101111111111111
01111111111111011111111111110111111111111101111111111111
01111111111111011111111111110111111111111101111111111111
01111111111111011111111111110111111111111101111111111111
01111111111111011111111111110111111111111101111111111111
01111111111111011111111111110111111111111101111111111111
00000000000000011111111111110111111111111101111111111111
00000000000000011111111111110111111111111101111111111111
01111111111111111111111111110111111111111100000000000001
01111111111111000000000000010111111111111111111111111111
01111111111111011111111111110111111111111101111111111111
01111111111111011111111111110111111111111101111111111111
01111111111111011111111111110111111111111101111111111111
01111111111111011111111111110111111111111101111111111111
01111111111111011111111111110111111111111101111111111111
01111111111111011111111111110111111111111101111111111111
01111111111111011111111111110111111111111101111111111111
01111111111111011111111111110111111111111101111111111111
01111111111111011111111111110111111111111101111111111111
01111111111111011111111111110111111111111101111111111111
01111111111111011111111111110111111111111101111111111111
01111111111111011111111111110111111111111101111111111111
01111111111111011111111111110111111111111101111111111111
01111111111111011111111111110111111111111101111111111111
01111111111111011111111111110111111111111101111111111111
01111111111111011111111111110111111111111101111111111111
01111111111111011111111111110111111111111101111111111111
01111111111111011111111111110111111111111101111111111111
00000000000000111111111111100000000000000101111111111111
00000000000000000000000000101111111111111101111111111111
00000000000000111111111111110111111111111100000000000000
00000000000000000000000000010111111111111100000000000000
11111111111110000000000000010111111111111101111111111111
00000000000010111111111111110111111111111101111111111111
11111111111111011111111111110000000000000001111111111111
00000000000001011111111111110000000000000001111111111111
11111111111111011111111111110111111111111100000000000000
00000000000001011111111111110111111111111100000000000000
00000000000010011111111111110111111111111101111111111111
11111111111110011111111111110111111111111101111111111111
01111111111111111111111111100000000000001001111111111111
01111111111111000000000000101111111111111001111111111111
01111111111111000000000000010111111111111101111111111111
01111111111111111111111111110111111111111101111111111111
01111111111111011111111111110000000000000001111111111111
01111111111111011111111111110000000000000001111111111111
01111111111111011111111111110111111111111100000000000000
01111111111111011111111111110111111111111100000000000000
01111111111111011111111111110111111111111101111111111111
01111111111111011111111111110111111111111101111111111111
01111111111111011111111111110111111111111101111111111111
01111111111111011111111111110111111111111101111111111111
01111111111111011111111111110111111111111101111111111111
01111111111111011111111111110111111111111101111111111111
01111111111111011111111111110111111111111101111111111111
01111111111111011111111111110111111111111101111111111111
01111111111111011111111111110111111111111101111111111111
01111111111111011111111111110111111111111101111111111111
01111111111111011111111111110111111111111101111111111111
01111111111111011111111111110111111111111101111111111111
00000000000000111111111111111111111111110100000000000011
00000000000000000000000000010000000000001111111111111101
00000000000000011111111111111111111111101100000000000011
00000000000000011111111111110000000000010111111111111101
00000000000000111111111111010000000000001001111111111111
00000000000000000000000000111111111111111001111111111111
00000000000000111111111111100111111111111100000000000001
00000000000000000000000000100111111111111111111111111111
11111111111110000000000000100111111111111101111111111111
00000000000010111111111111100111111111111101111111111111
11111111111110011111111111110000000000000101111111111111
00000000000010011111111111111111111111111101111111111111
11111111111110011111111111110111111111111100000000000000
00000000000010011111111111110111111111111100000000000000
01111111111111111111111111000000000000001101111111111111
01111111111111000000000001001111111111110101111111111111
01111111111111111111111111111111111111110100000000000011
01111111111111000000000000010000000000001111111111111101
01111111111111011111111111111111111111101000000000000100
01111111111111011111111111110000000000011011111111111100
01111111111111011111111111110111111111111101111111111111
01111111111111011111111111110111111111111101111111111111
01111111111111011111111111110111111111111101111111111111
01111111111111011111111111110111111111111101111111111111
01111111111111011111111111110111111111111101111111111111
01111111111111011111111111110111111111111101111111111111
01111111111111011111111111110111111111111101111111111111
01111111111111011111111111110111111111111101111111111111
01111111111111011111111111110111111111111101111111111111
01111111111111011111111111110111111111111101111111111111
01111111111111011111111111110111111111111101111111111111
01111111111111011111111111110111111111111101111111111111
01111111111111011111111111110111111111111101111111111111
01111111111111011111111111110111111111111101111111111111
01111111111111011111111111110111111111111101111111111111
01111111111111011111111111110111111111111101111111111111
01111111111111011111111111110111111111111101111111111111
01111111111111011111111111110111111111111101111111111111
01111111111111011111111111110111111111111101111111111111
01111111111111011111111111110111111111111101111111111111
01111111111111011111111111110111111111111101111111111111
01111111111111011111111111110111111111111101111111111111
01111111111111011111111111110111111111111101111111111111
01111111111111011111111111110111111111111101111111111111
01111111111111011111111111110111111111111101111111111111
01111111111111011111111111110111111111111101111111111111
01111111111111011111111111110111111111111101111111111111
01111111111111011111111111110111111111111101111111111111
01111111111111011111111111110111111111111101111111111111
01111111111111011111111111110111111111111101111111111111
01111111111111011111111111110111111111111101111111111111
01111111111111011111111111110111111111111101111111111111
01111111111111011111111111110111111111111101111111111111
01111111111111011111111111110111111111111101111111111111
01111111111111011111111111110111111111111101111111111111
01111111111111011111111111110111111111111101111111111111
01111111111111011111111111110111111111111101111111111111
01111111111111011111111111110111111111111101111111111111
01111111111111011111111111110111111111111101111111111111
01111111111111011111111111110111111111111101111111111111
01111111111111011111111111110111111111111101111111111111
01111111111111011111111111110111111111111101111111111111
01111111111111011111111111110111111111111101111111111111
01111111111111011111111111110111111111111101111111111111
01111111111111011111111111110111111111111101111111111111
01111111111111011111111111110111111111111101111111111111
00000000000000000000000000000111111111111101111111111111
00000000000000011111111111110111111111111101111111111111
01111111111111011111111111110111111111111101111111111111
01111111111111011111111111110111111111111101111111111111
01111111111111011111111111110111111111111101111111111111
01111111111111011111111111110111111111111101111111111111
01111111111111011111111111110111111111111101111111111111
01111111111111011111111111110111111111111101111111111111
01111111111111000000000000000111111111111101111111111111
00000000000000000000000000000000000000000000000000000000
00000000000000000000000000000000000000000001111111111111
00000000000000000000000000000111111111111101111111111111
00000000000000011111111111110000000000000001111111111111
00000000000000011111111111110000000000000000000000000000
00000000000000000000000000000111111111111100000000000000
00000000000000011111111111110111111111111100000000000000
01111111111111000000000000000000000000000001111111111111
01111111111111111111111111000111111111111100000000000010
01111111111111000000000000000000000000000000000000000000
01111111111111000000000000000111111111111100000000000000
01111111111111011111111111110000000000000000000000000000
01111111111111011111111111110111111111111101111111111111
01111111111111011111111111110111111111111101111111111111
01111111111111011111111111110111111111111101111111111111
01111111111111011111111111110111111111111101111111111111
01111111111111011111111111110111111111111101111111111111
01111111111111011111111111110111111111111101111111111111
01111111111111011111111111110111111111111101111111111111
01111111111111011111111111110111111111111101111111111111
01111111111111011111111111110111111111111101111111111111
01111111111111011111111111110111111111111101111111111111
01111111111111011111111111110111111111111101111111111111
01111111111111011111111111110111111111111101111111111111
01111111111111011111111111110111111111111101111111111111
