000000000000000000000000000000000000000000000000000000000000
000000000000000000000000000000000000000000000000000000000000
000000000000000000000000000000000000000000000000000000000000
000000000000000000000000000000000000000000000000000000000000
000000000000000000000000000000000000000000000000000000000000
000000000000000000000000000000000000000000000000000000000000
000000000000000000000000000000000000000000000000000000000000
000000000000000000000000000000000000000000000000000000000000
000000000000000000000000000000000000000000000000000000000000
000000000000000000000000000000000000001110001111111011111111
000000000000000000000000000000000000001110001111111011111101
000000000000000000000000000000000000001110000111111100000001
000000000000000000000000000000000000001110010111111011111011
000000000000000000000000000000000000001110000111111100000000
000000000000000000000000000000000000001110001111111011111110
000000000000000000000000000000000000001101111111111100000010
