01111111111111011111111111110111111111111101111111111111
01111111111111011111111111110111111111111101111111111111
01111111111111011111111111110111111111111101111111111111
01111111111111011111111111110111111111111101111111111111
01111111111111011111111111110111111111111101111111111111
01111111111111011111111111110111111111111101111111111111
01111111111111011111111111110111111111111101111111111111
01111111111111011111111111110111111111111101111111111111
01111111111111011111111111110111111111111101111111111111
01111111111111011111111111110111111111111101111111111111
01111111111111011111111111110111111111111101111111111111
01111111111111011111111111110111111111111101111111111111
01111111111111011111111111110111111111111101111111111111
01111111111111011111111111110111111111111101111111111111
01111111111111011111111111110111111111111101111111111111
01111111111111011111111111110111111111111101111111111111
01111111111111011111111111110111111111111101111111111111
01111111111111011111111111110111111111111101111111111111
01111111111111011111111111110111111111111101111111111111
01111111111111011111111111110111111111111101111111111111
01111111111111011111111111110111111111111101111111111111
01111111111111011111111111110111111111111101111111111111
01111111111111011111111111110111111111111101111111111111
01111111111111011111111111110111111111111101111111111111
01111111111111011111111111110111111111111101111111111111
01111111111111011111111111110111111111111101111111111111
01111111111111011111111111110111111111111101111111111111
01111111111111011111111111110111111111111101111111111111
01111111111111011111111111110111111111111101111111111111
01111111111111011111111111110111111111111101111111111111
01111111111111011111111111110111111111111101111111111111
01111111111111011111111111110111111111111101111111111111
01111111111111011111111111110111111111111101111111111111
01111111111111011111111111110111111111111101111111111111
01111111111111011111111111110111111111111101111111111111
01111111111111011111111111110111111111111101111111111111
01111111111111011111111111110111111111111101111111111111
01111111111111011111111111110111111111111101111111111111
01111111111111011111111111110111111111111101111111111111
01111111111111011111111111110111111111111101111111111111
00000010001110000000000011111111101101110001111111111111
00000010000110000000000100111111101101110101111111111111
00000010001111000000000010111111101101111001111111111111
00000010001000000000000001101111101110010101111111111111
00000010001000000000000001101111101110010101111111111111
00000010001111000000000010111111101101111001111111111111
00000010000110000000000100111111101101110101111111111111
00000010001110000000000011111111101101110001111111111111
00000010001010000000011001110111111111111111111011110011
00000010000101000000011011000111111111111111111011110010
00000010001101000000011000100111111111111111111011110100
00000010000110000000010111110111111111111111111011111001
00000010000110000000010111110111111111111111111011111001
00000010001101000000011000100111111111111111111011110100
00000010000101000000011011000111111111111111111011110010
00000010001010000000011001110111111111111111111011110011
00000010100000011111111111110000000001010111111100010000
00000010011010011111111111110000000001100111111100001111
00000010100001011111111111110000000001001111111100010010
00000010011100011111111111110000000000101011111100011010
00000010011100011111111111110000000000101011111100011010
00000010100001011111111111110000000001001111111100010010
00000010011010011111111111110000000001100111111100001111
00000010100000011111111111110000000001010111111100010000
01111111111111000000100010100000000001010011111011111001
01111111111111000000100000010000000001100111111011111010
01111111111111000000100011000000000001000011111011111011
01111111111111000000100001000000000000101011111100000100
01111111111111000000100001000000000000101011111100000100
01111111111111000000100011000000000001000011111011111011
01111111111111000000100000010000000001100111111011111010
01111111111111000000100010100000000001010011111011111001
01111111111111011111111111110111111111111101111111111111
01111111111111011111111111110111111111111101111111111111
01111111111111011111111111110111111111111101111111111111
01111111111111011111111111110111111111111101111111111111
01111111111111011111111111110111111111111101111111111111
01111111111111011111111111110111111111111101111111111111
01111111111111011111111111110111111111111101111111111111
01111111111111011111111111110111111111111101111111111111
01111111111111011111111111110111111111111101111111111111
01111111111111011111111111110111111111111101111111111111
01111111111111011111111111110111111111111101111111111111
01111111111111011111111111110111111111111101111111111111
01111111111111011111111111110111111111111101111111111111
01111111111111011111111111110111111111111101111111111111
01111111111111011111111111110111111111111101111111111111
01111111111111011111111111110111111111111101111111111111
01111111111111011111111111110111111111111101111111111111
01111111111111011111111111110111111111111101111111111111
01111111111111011111111111110111111111111101111111111111
01111111111111011111111111110111111111111101111111111111
01111111111111011111111111110111111111111101111111111111
01111111111111011111111111110111111111111101111111111111
01111111111111011111111111110111111111111101111111111111
01111111111111011111111111110111111111111101111111111111
01111111111111011111111111110111111111111101111111111111
01111111111111011111111111110111111111111101111111111111
01111111111111011111111111110111111111111101111111111111
01111111111111011111111111110111111111111101111111111111
01111111111111011111111111110111111111111101111111111111
01111111111111011111111111110111111111111101111111111111
01111111111111011111111111110111111111111101111111111111
01111111111111011111111111110111111111111101111111111111
01111111111111011111111111110111111111111101111111111111
01111111111111011111111111110111111111111101111111111111
01111111111111011111111111110111111111111101111111111111
01111111111111011111111111110111111111111101111111111111
01111111111111011111111111110111111111111101111111111111
01111111111111011111111111110111111111111101111111111111
01111111111111011111111111110111111111111101111111111111
01111111111111011111111111110111111111111101111111111111
01111111111111011111111111110111111111111101111111111111
01111111111111011111111111110111111111111101111111111111
01111111111111011111111111110111111111111101111111111111
01111111111111011111111111110111111111111101111111111111
01111111111111011111111111110111111111111101111111111111
01111111111111011111111111110111111111111101111111111111
01111111111111011111111111110111111111111101111111111111
01111111111111011111111111110111111111111101111111111111
01111111111111011111111111110111111111111101111111111111
01111111111111011111111111110111111111111101111111111111
01111111111111011111111111110111111111111101111111111111
01111111111111011111111111110111111111111101111111111111
01111111111111011111111111110111111111111101111111111111
01111111111111011111111111110111111111111101111111111111
01111111111111011111111111110111111111111101111111111111
01111111111111011111111111110111111111111101111111111111
01111111111111011111111111110111111111111101111111111111
01111111111111011111111111110111111111111101111111111111
01111111111111011111111111110111111111111101111111111111
01111111111111011111111111110111111111111101111111111111
01111111111111011111111111110111111111111101111111111111
01111111111111011111111111110111111111111101111111111111
01111111111111011111111111110111111111111101111111111111
01111111111111011111111111110111111111111101111111111111
00000010110001000000100010110000000000001111111011000110
00000010110011000000100000100000000000100011111011000111
00000010110010000000100011000000000000000011111011001000
00000010110100000000100001011111111111101111111011001110
00000010110100000000100001011111111111101111111011001110
00000010110010000000100011000000000000000011111011001000
00000010110011000000100000100000000000100011111011000111
00000010110001000000100010110000000000001111111011000110
00000011011010011111111111110000000010110111111011011110
00000011010000011111111111110000000011011011111011011011
00000011011100011111111111110000000010101011111011011111
00000011010101011111111111110000000001011111111011101111
00000011010101011111111111110000000001011111111011101111
00000011011100011111111111110000000010101011111011011111
00000011010000011111111111110000000011011011111011011011
00000011011010011111111111110000000010110111111011011110
00000011011000000000001011101111101000100001111111111111
00000011001010000000001101101111101000100001111111111111
00000011011010000000001001111111101000110001111111111111
00000011001111000000000111001111101001100001111111111111
00000011001111000000000111001111101001100001111111111111
00000011011010000000001001111111101000110001111111111111
00000011001010000000001101101111101000100001111111111111
00000011011000000000001011101111101000100001111111111111
00000010110111000000100011110111111111111111111011000100
00000010101111000000100110000111111111111111111011000010
00000010111101000000100001110111111111111111111011000110
00000010110001000000100000000111111111111111111011001101
00000010110001000000100000000111111111111111111011001101
00000010111101000000100001110111111111111111111011000110
00000010101111000000100110000111111111111111111011000010
00000010110111000000100011110111111111111111111011000100
01111111111111000000110011010000000011000111111010111000
01111111111111000000101110000000000011111111111010111000
01111111111111000000110100010000000010100111111010111100
01111111111111000000101111110000000001011111111011010001
01111111111111000000101111110000000001011111111011010001
01111111111111000000110100010000000010100111111010111100
01111111111111000000101110000000000011111111111010111000
01111111111111000000110011010000000011000111111010111000
01111111111111011111111111110111111111111101111111111111
01111111111111011111111111110111111111111101111111111111
01111111111111011111111111110111111111111101111111111111
01111111111111011111111111110111111111111101111111111111
01111111111111011111111111110111111111111101111111111111
01111111111111011111111111110111111111111101111111111111
01111111111111011111111111110111111111111101111111111111
01111111111111011111111111110111111111111101111111111111
01111111111111011111111111110111111111111101111111111111
01111111111111011111111111110111111111111101111111111111
01111111111111011111111111110111111111111101111111111111
01111111111111011111111111110111111111111101111111111111
01111111111111011111111111110111111111111101111111111111
01111111111111011111111111110111111111111101111111111111
01111111111111011111111111110111111111111101111111111111
01111111111111011111111111110111111111111101111111111111
01111111111111011111111111110111111111111101111111111111
01111111111111011111111111110111111111111101111111111111
01111111111111011111111111110111111111111101111111111111
01111111111111011111111111110111111111111101111111111111
01111111111111011111111111110111111111111101111111111111
01111111111111011111111111110111111111111101111111111111
01111111111111011111111111110111111111111101111111111111
01111111111111011111111111110111111111111101111111111111
01111111111111011111111111110111111111111101111111111111
01111111111111011111111111110111111111111101111111111111
01111111111111011111111111110111111111111101111111111111
01111111111111011111111111110111111111111101111111111111
01111111111111011111111111110111111111111101111111111111
01111111111111011111111111110111111111111101111111111111
01111111111111011111111111110111111111111101111111111111
01111111111111011111111111110111111111111101111111111111
01111111111111011111111111110111111111111101111111111111
01111111111111011111111111110111111111111101111111111111
01111111111111011111111111110111111111111101111111111111
01111111111111011111111111110111111111111101111111111111
01111111111111011111111111110111111111111101111111111111
01111111111111011111111111110111111111111101111111111111
01111111111111011111111111110111111111111101111111111111
01111111111111011111111111110111111111111101111111111111
01111111111111011111111111110111111111111101111111111111
01111111111111011111111111110111111111111101111111111111
01111111111111011111111111110111111111111101111111111111
01111111111111011111111111110111111111111101111111111111
01111111111111011111111111110111111111111101111111111111
01111111111111011111111111110111111111111101111111111111
01111111111111011111111111110111111111111101111111111111
01111111111111011111111111110111111111111101111111111111
01111111111111011111111111110111111111111101111111111111
01111111111111011111111111110111111111111101111111111111
01111111111111011111111111110111111111111101111111111111
01111111111111011111111111110111111111111101111111111111
01111111111111011111111111110111111111111101111111111111
01111111111111011111111111110111111111111101111111111111
01111111111111011111111111110111111111111101111111111111
01111111111111011111111111110111111111111101111111111111
01111111111111011111111111110111111111111101111111111111
01111111111111011111111111110111111111111101111111111111
01111111111111011111111111110111111111111101111111111111
01111111111111011111111111110111111111111101111111111111
01111111111111011111111111110111111111111101111111111111
01111111111111011111111111110111111111111101111111111111
01111111111111011111111111110111111111111101111111111111
01111111111111011111111111110111111111111101111111111111
00000000000011111110110001100111111111111101111111111111
00000000000000111110110010000111111111111101111111111111
00000000000000111110110010000111111111111101111111111111
00000000000011111110110001100111111111111101111111111111
01111111111111000000000001101111101111001101111111111111
01111111111111000000000001001111101111010001111111111111
01111111111111000000000001001111101111010001111111111111
01111111111111000000000001101111101111001101111111111111
01111111111111011111111111110111111111111101111111111111
01111111111111011111111111110111111111111101111111111111
01111111111111011111111111110111111111111101111111111111
01111111111111011111111111110111111111111101111111111111
01111111111111011111111111110111111111111101111111111111
01111111111111011111111111110111111111111101111111111111
01111111111111011111111111110111111111111101111111111111
01111111111111011111111111110111111111111101111111111111
01111111111111011111111111110111111111111101111111111111
01111111111111011111111111110111111111111101111111111111
01111111111111011111111111110111111111111101111111111111
01111111111111011111111111110111111111111101111111111111
01111111111111011111111111110111111111111101111111111111
01111111111111011111111111110111111111111101111111111111
01111111111111011111111111110111111111111101111111111111
01111111111111011111111111110111111111111101111111111111
01111111111111011111111111110111111111111101111111111111
01111111111111011111111111110111111111111101111111111111
01111111111111011111111111110111111111111101111111111111
01111111111111011111111111110111111111111101111111111111
01111111111111011111111111110111111111111101111111111111
01111111111111011111111111110111111111111101111111111111
01111111111111011111111111110111111111111101111111111111
01111111111111011111111111110111111111111101111111111111
01111111111111011111111111110111111111111101111111111111
01111111111111011111111111110111111111111101111111111111
01111111111111011111111111110111111111111101111111111111
01111111111111011111111111110111111111111101111111111111
00000010000001000000000001101111101101011101111111111111
00000010000010000000000000011111101101101001111111111111
00000010000010000000000000011111101101101001111111111111
00000010000001000000000001101111101101011101111111111111
00000010000100000000011000100111111111111111111011110010
00000010000101000000010111010111111111111111111011110100
00000010000101000000010111010111111111111111111011110100
00000010000100000000011000100111111111111111111011110010
00000010010010011111111111110000000000101111111100001110
00000010010011011111111111110000000000010111111100010001
00000010010011011111111111110000000000010111111100010001
00000010010010011111111111110000000000101111111100001110
00000000101111111110110100010111111111111101111111111111
00000000100111111110110101100111111111111101111111111111
00000000100111111110110101100111111111111101111111111111
00000000101111111110110100010111111111111101111111111111
00000010010010011111111111111111101110010101111111111111
00000010001010011111111111111111101110100001111111111111
00000010001010011111111111111111101110100001111111111111
00000010010010011111111111111111101110010101111111111111
00000010100100011111111111110111111111111111111100011111
00000010011110011111111111110111111111111111111100100000
00000010011110011111111111110111111111111111111100100000
00000010100100011111111111110111111111111111111100011111
01111111111111000000001100011111101111101001111111111111
01111111111111000000001010011111110000000001111111111111
01111111111111000000001010011111110000000001111111111111
01111111111111000000001100011111101111101001111111111111
01111111111111000000100011110111111111111111111100000101
01111111111111000000100001110111111111111111111100001010
01111111111111000000100001110111111111111111111100001010
01111111111111000000100011110111111111111111111100000101
01111111111111000000011111010000000000100111111011110100
01111111111111000000011111100000000000010111111011110111
01111111111111000000011111100000000000010111111011110111
01111111111111000000011111010000000000100111111011110100
01111111111111011111111111110000000011011111111100011011
01111111111111011111111111110000000010111111111100100001
01111111111111011111111111110000000010111111111100100001
01111111111111011111111111110000000011011111111100011011
01111111111111011111111111110111111111111101111111111111
01111111111111011111111111110111111111111101111111111111
01111111111111011111111111110111111111111101111111111111
01111111111111011111111111110111111111111101111111111111
01111111111111011111111111110111111111111101111111111111
01111111111111011111111111110111111111111101111111111111
01111111111111011111111111110111111111111101111111111111
01111111111111011111111111110111111111111101111111111111
01111111111111011111111111110111111111111101111111111111
01111111111111011111111111110111111111111101111111111111
01111111111111011111111111110111111111111101111111111111
01111111111111011111111111110111111111111101111111111111
01111111111111011111111111110111111111111101111111111111
01111111111111011111111111110111111111111101111111111111
01111111111111011111111111110111111111111101111111111111
01111111111111011111111111110111111111111101111111111111
01111111111111011111111111110111111111111101111111111111
01111111111111011111111111110111111111111101111111111111
01111111111111011111111111110111111111111101111111111111
01111111111111011111111111110111111111111101111111111111
01111111111111011111111111110111111111111101111111111111
01111111111111011111111111110111111111111101111111111111
01111111111111011111111111110111111111111101111111111111
01111111111111011111111111110111111111111101111111111111
01111111111111011111111111110111111111111101111111111111
01111111111111011111111111110111111111111101111111111111
01111111111111011111111111110111111111111101111111111111
01111111111111011111111111110111111111111101111111111111
01111111111111011111111111110111111111111101111111111111
01111111111111011111111111110111111111111101111111111111
01111111111111011111111111110111111111111101111111111111
01111111111111011111111111110111111111111101111111111111
01111111111111011111111111110111111111111101111111111111
01111111111111011111111111110111111111111101111111111111
01111111111111011111111111110111111111111101111111111111
01111111111111011111111111110111111111111101111111111111
01111111111111011111111111110111111111111101111111111111
01111111111111011111111111110111111111111101111111111111
01111111111111011111111111110111111111111101111111111111
01111111111111011111111111110111111111111101111111111111
01111111111111011111111111110111111111111101111111111111
01111111111111011111111111110111111111111101111111111111
01111111111111011111111111110111111111111101111111111111
01111111111111011111111111110111111111111101111111111111
01111111111111011111111111110111111111111101111111111111
01111111111111011111111111110111111111111101111111111111
01111111111111011111111111110111111111111101111111111111
01111111111111011111111111110111111111111101111111111111
01111111111111011111111111110111111111111101111111111111
01111111111111011111111111110111111111111101111111111111
01111111111111011111111111110111111111111101111111111111
01111111111111011111111111110111111111111101111111111111
01111111111111011111111111110111111111111101111111111111
01111111111111011111111111110111111111111101111111111111
01111111111111011111111111110111111111111101111111111111
01111111111111011111111111110111111111111101111111111111
00000010101010000000100000010000000000000111111011001101
00000010101010000000100000111111111111110011111011010001
00000010101010000000100000111111111111110011111011010001
00000010101010000000100000010000000000000111111011001101
00000011001100011111111111110000000010100011111011100111
00000011001110011111111111110000000001110111111011101110
00000011001110011111111111110000000001110111111011101110
00000011001100011111111111110000000010100011111011100111
00000010110010000000100011000111111111111111111011001000
00000010110100000000100001000111111111111111111011001011
00000010110100000000100001000111111111111111111011001011
00000010110010000000100011000111111111111111111011001000
00000011000111000000001010001111101001011001111111111111
00000011001001000000000111111111101001101101111111111111
00000011001001000000000111111111101001101101111111111111
00000011000111000000001010001111101001011001111111111111
01111111111111000000101111000000000010110011111011000011
01111111111111000000101111100000000010001011111011001001
01111111111111000000101111100000000010001011111011001001
01111111111111000000101111000000000010110011111011000011
00000011100011011111111111110111111111111111111011111100
00000011011010011111111111110111111111111111111011111110
00000011011010011111111111110111111111111111111011111110
00000011100011011111111111110111111111111111111011111100
01111111111111000000011101001111101011001101111111111111
01111111111111000000011000011111101100000001111111111111
01111111111111000000011000011111101100000001111111111111
01111111111111000000011101001111101011001101111111111111
01111111111111011111111111110000000111100111111011101000
01111111111111011111111111110000000101101011111011111101
01111111111111011111111111110000000101101011111011111101
01111111111111011111111111110000000111100111111011101000
00000011100100011111111111111111101010001001111111111111
00000011010111011111111111111111101010011101111111111111
00000011010111011111111111111111101010011101111111111111
00000011100100011111111111111111101010001001111111111111
00000010000000111110011010010111111111111101111111111111
00000001110001111110011100110111111111111101111111111111
00000001110001111110011100110111111111111101111111111111
00000010000000111110011010010111111111111101111111111111
01111111111111000000110110100111111111111111111011010101
01111111111111000000110001110111111111111111111011011110
01111111111111000000110001110111111111111111111011011110
01111111111111000000110110100111111111111111111011010101
01111111111111011111111111110111111111111101111111111111
01111111111111011111111111110111111111111101111111111111
01111111111111011111111111110111111111111101111111111111
01111111111111011111111111110111111111111101111111111111
01111111111111011111111111110111111111111101111111111111
01111111111111011111111111110111111111111101111111111111
01111111111111011111111111110111111111111101111111111111
01111111111111011111111111110111111111111101111111111111
01111111111111011111111111110111111111111101111111111111
01111111111111011111111111110111111111111101111111111111
01111111111111011111111111110111111111111101111111111111
01111111111111011111111111110111111111111101111111111111
01111111111111011111111111110111111111111101111111111111
01111111111111011111111111110111111111111101111111111111
01111111111111011111111111110111111111111101111111111111
01111111111111011111111111110111111111111101111111111111
01111111111111011111111111110111111111111101111111111111
01111111111111011111111111110111111111111101111111111111
01111111111111011111111111110111111111111101111111111111
01111111111111011111111111110111111111111101111111111111
01111111111111011111111111110111111111111101111111111111
01111111111111011111111111110111111111111101111111111111
01111111111111011111111111110111111111111101111111111111
01111111111111011111111111110111111111111101111111111111
01111111111111011111111111110111111111111101111111111111
01111111111111011111111111110111111111111101111111111111
01111111111111011111111111110111111111111101111111111111
01111111111111011111111111110111111111111101111111111111
01111111111111011111111111110111111111111101111111111111
01111111111111011111111111110111111111111101111111111111
01111111111111011111111111110111111111111101111111111111
01111111111111011111111111110111111111111101111111111111
01111111111111011111111111110111111111111101111111111111
01111111111111011111111111110111111111111101111111111111
01111111111111011111111111110111111111111101111111111111
01111111111111011111111111110111111111111101111111111111
01111111111111011111111111110111111111111101111111111111
01111111111111011111111111110111111111111101111111111111
01111111111111011111111111110111111111111101111111111111
01111111111111011111111111110111111111111101111111111111
01111111111111011111111111110111111111111101111111111111
01111111111111011111111111110111111111111101111111111111
01111111111111011111111111110111111111111101111111111111
01111111111111011111111111110111111111111101111111111111
01111111111111011111111111110111111111111101111111111111
01111111111111011111111111110111111111111101111111111111
01111111111111011111111111110111111111111101111111111111
01111111111111011111111111110111111111111101111111111111
01111111111111011111111111110111111111111101111111111111
01111111111111011111111111110111111111111101111111111111
01111111111111011111111111110111111111111101111111111111
01111111111111011111111111110111111111111101111111111111
01111111111111011111111111110111111111111101111111111111
01111111111111011111111111110111111111111101111111111111
01111111111111011111111111110111111111111101111111111111
01111111111111011111111111110111111111111101111111111111
01111111111111011111111111110111111111111101111111111111
01111111111111011111111111110111111111111101111111111111
01111111111111011111111111110111111111111101111111111111
01111111111111011111111111110111111111111101111111111111
01111111111111011111111111110111111111111101111111111111
01111111111111011111111111110111111111111101111111111111
01111111111111011111111111110111111111111101111111111111
01111111111111011111111111110111111111111101111111111111
01111111111111011111111111110111111111111101111111111111
01111111111111011111111111110111111111111101111111111111
01111111111111011111111111110111111111111101111111111111
01111111111111011111111111110111111111111101111111111111
01111111111111011111111111110111111111111101111111111111
01111111111111011111111111110111111111111101111111111111
01111111111111011111111111110111111111111101111111111111
01111111111111011111111111110111111111111101111111111111
01111111111111011111111111110111111111111101111111111111
01111111111111011111111111110111111111111101111111111111
01111111111111011111111111110111111111111101111111111111
01111111111111011111111111110111111111111101111111111111
01111111111111011111111111110111111111111101111111111111
01111111111111011111111111110111111111111101111111111111
01111111111111011111111111110111111111111101111111111111
01111111111111011111111111110111111111111101111111111111
01111111111111011111111111110111111111111101111111111111
01111111111111011111111111110111111111111101111111111111
01111111111111011111111111110111111111111101111111111111
01111111111111011111111111110111111111111101111111111111
01111111111111011111111111110111111111111101111111111111
01111111111111011111111111110111111111111101111111111111
01111111111111011111111111110111111111111101111111111111
01111111111111011111111111110111111111111101111111111111
01111111111111011111111111110111111111111101111111111111
01111111111111011111111111110111111111111101111111111111
01111111111111011111111111110111111111111101111111111111
01111111111111011111111111110111111111111101111111111111
01111111111111011111111111110111111111111101111111111111
01111111111111011111111111110111111111111101111111111111
01111111111111011111111111110111111111111101111111111111
01111111111111011111111111110111111111111101111111111111
11111010101111011111111111110111111111111101111111111111
11111010101111011111111111110111111111111101111111111111
01111111111111000000011110100111111111111111111011101101
01111111111111000000011110100111111111111111111011101101
01111111111111011111111111110111111111111101111111111111
01111111111111011111111111110111111111111101111111111111
01111111111111011111111111110111111111111101111111111111
01111111111111011111111111110111111111111101111111111111
01111111111111011111111111110111111111111101111111111111
01111111111111011111111111110111111111111101111111111111
01111111111111011111111111110111111111111101111111111111
01111111111111011111111111110111111111111101111111111111
01111111111111011111111111110111111111111101111111111111
01111111111111011111111111110111111111111101111111111111
01111111111111011111111111110111111111111101111111111111
01111111111111011111111111110111111111111101111111111111
01111111111111011111111111110111111111111101111111111111
01111111111111011111111111110111111111111101111111111111
01111111111111011111111111110111111111111101111111111111
01111111111111011111111111110111111111111101111111111111
01111111111111011111111111110111111111111101111111111111
01111111111111011111111111110111111111111101111111111111
00000001111101111111111110101111101100001101111111111111
00000001111101111111111110101111101100001101111111111111
00000001111100000000010101010111111111111111111011011111
00000001111100000000010101010111111111111111111011011111
00000000011101111110101110000111111111111101111111111111
00000000011101111110101110000111111111111101111111111111
00000001111101011111111111111111101100111001111111111111
00000001111101011111111111111111101100111001111111111111
00000010001111011111111111110111111111111111111100001011
00000010001111011111111111110111111111111111111100001011
11111011011111011111111111110111111111111101111111111111
11111011011111011111111111110111111111111101111111111111
01111111111111000000000110101111101101111001111111111111
01111111111111000000000110101111101101111001111111111111
01111111111111111110110111000111111111111101111111111111
01111111111111111110110111000111111111111101111111111111
01111111111111011111111111111111110000110101111111111111
01111111111111011111111111111111110000110101111111111111
01111111111111011111111111110111111111111111111100110100
01111111111111011111111111110111111111111111111100110100
01111111111111011111111111110111111111111101111111111111
01111111111111011111111111110111111111111101111111111111
01111111111111011111111111110111111111111101111111111111
01111111111111011111111111110111111111111101111111111111
01111111111111011111111111110111111111111101111111111111
01111111111111011111111111110111111111111101111111111111
01111111111111011111111111110111111111111101111111111111
01111111111111011111111111110111111111111101111111111111
01111111111111011111111111110111111111111101111111111111
01111111111111011111111111110111111111111101111111111111
01111111111111011111111111110111111111111101111111111111
01111111111111011111111111110111111111111101111111111111
00000010100011000000011111001111111111101111111011010001
00000010100011000000011111001111111111101111111011010001
00000010111111011111111111110000000001101111111011101101
00000010111111011111111111110000000001101111111011101101
00000010111100000000000111011111101001111101111111111111
00000010111100000000000111011111101001111101111111111111
00000010100101000000011111010111111111111111111011001111
00000010100101000000011111010111111111111111111011001111
00000001101010111110011110100111111111111101111111111111
00000001101010111110011110100111111111111101111111111111
00000011001000011111111111111111101011000001111111111111
00000011001000011111111111111111101011000001111111111111
00000011001100011111111111110111111111111111111100000010
00000011001100011111111111110111111111111111111100000010
01111111111111000000010110111111101100000101111111111111
01111111111111000000010110111111101100000101111111111111
01111111111111000000101100100000000010000111111011001001
01111111111111000000101100100000000010000111111011001001
01111111111111011111111111110000000101111011111011110010
01111111111111011111111111110000000101111011111011110010
01111111111111011111111111110111111111111101111111111111
01111111111111011111111111110111111111111101111111111111
01111111111111011111111111110111111111111101111111111111
01111111111111011111111111110111111111111101111111111111
01111111111111011111111111110111111111111101111111111111
01111111111111011111111111110111111111111101111111111111
01111111111111011111111111110111111111111101111111111111
01111111111111011111111111110111111111111101111111111111
01111111111111011111111111110111111111111101111111111111
01111111111111011111111111110111111111111101111111111111
01111111111111011111111111110111111111111101111111111111
01111111111111011111111111110111111111111101111111111111
01111111111111011111111111110111111111111101111111111111
01111111111111011111111111110111111111111101111111111111
01111111111111011111111111110111111111111101111111111111
01111111111111011111111111110111111111111101111111111111
01111111111111011111111111110111111111111101111111111111
01111111111111011111111111110111111111111101111111111111
01111111111111011111111111110111111111111101111111111111
01111111111111011111111111110111111111111101111111111111
01111111111111011111111111110111111111111101111111111111
01111111111111011111111111110111111111111101111111111111
01111111111111011111111111110111111111111101111111111111
01111111111111011111111111110111111111111101111111111111
01111111111111011111111111110111111111111101111111111111
01111111111111011111111111110111111111111101111111111111
01111111111111011111111111110111111111111101111111111111
01111111111111011111111111110111111111111101111111111111
01111111111111011111111111110111111111111101111111111111
01111111111111011111111111110111111111111101111111111111
01111111111111011111111111110111111111111101111111111111
01111111111111011111111111110111111111111101111111111111
01111111111111011111111111110111111111111101111111111111
01111111111111011111111111110111111111111101111111111111
01111111111111011111111111110111111111111101111111111111
01111111111111011111111111110111111111111101111111111111
01111111111111011111111111110111111111111101111111111111
01111111111111011111111111110111111111111101111111111111
01111111111111011111111111110111111111111101111111111111
01111111111111011111111111110111111111111101111111111111
01111111111111011111111111110111111111111101111111111111
01111111111111011111111111110111111111111101111111111111
01111111111111011111111111110111111111111101111111111111
01111111111111011111111111110111111111111101111111111111
01111111111111011111111111110111111111111101111111111111
01111111111111011111111111110111111111111101111111111111
00000000101110111110000111000111111111111101111111111111
11111000101000011111111111110111111111111101111111111111
01111111111111011111111111110111111111111101111111111111
01111111111111011111111111110111111111111101111111111111
01111111111111011111111111110111111111111101111111111111
01111111111111011111111111110111111111111101111111111111
01111111111111011111111111110111111111111101111111111111
01111111111111011111111111110111111111111101111111111111
01111111111111111110001100000111111111111101111111111111
00000010011111000000011101111111111111011011111011001001
00000010110001000000000100001111101000100101111111111111
00000001001010111110001111010111111111111101111111111111
00000010110100011111111111111111101001001001111111111111
00000010111000011111111111110000000001010011111011100011
00000010011110000000011101010111111111111111111011000011
00000010111011011111111111110111111111111111111011110000
01111111111111000000010001011111101010011001111111111111
01111111111111000000101111110111111111111111111011011110
01111111111111000000101010010000000001100111111011000000
01111111111111000000101011110111111111111111111011001111
01111111111111011111111111110000000101000011111011100101
01111111111111011111111111110111111111111101111111111111
01111111111111011111111111110111111111111101111111111111
01111111111111011111111111110111111111111101111111111111
01111111111111011111111111110111111111111101111111111111
01111111111111011111111111110111111111111101111111111111
01111111111111011111111111110111111111111101111111111111
01111111111111011111111111110111111111111101111111111111
01111111111111011111111111110111111111111101111111111111
01111111111111011111111111110111111111111101111111111111
01111111111111011111111111110111111111111101111111111111
01111111111111011111111111110111111111111101111111111111
01111111111111011111111111110111111111111101111111111111
01111111111111011111111111110111111111111101111111111111
