000000000000000000000000000000000000000000000000000000000000
000000000000000000000000000000000000000000000000000000000000
000000000000000000000000000000000000000000000000000000000000
000000000000000000000000000000000000000000000000000000000000
000000000000000000000000000000000000000000000000000000000000
000000000000000000000000000000000000000000000000000000000000
000000000000000000000000000000000000000000000000000000000000
000000000000000000000000000000000000000000000000000000000000
000000000000000000000000000000000000000000000000000000000000
000000000010001000000000001000000000000000000000000000000000
000000000100100000000000001111000000000000000000000000000000
000000000010001000000000001000000000000000000000000000000000
000000000111000000000000010010000000000000000000000000000000
000000000001101000000000000110000000000000000000000000000000
000000000011000000000000001010000000000000000000000000000000
000000000001101000000000000110000000000000000000000000000000
