0111111111111111011111111111111101111111111111110111111111111111
0111111111111111011111111111111101111111111111110111111111111111
0111111111111111011111111111111101111111111111110111111111111111
0111111111111111011111111111111101111111111111110111111111111111
0111111111111111011111111111111101111111111111110111111111111111
0111111111111111011111111111111101111111111111110111111111111111
0111111111111111011111111111111101111111111111110111111111111111
0111111111111111011111111111111101111111111111110111111111111111
0111111111111111011111111111111101111111111111110111111111111111
0111111111111111011111111111111101111111111111110111111111111111
0111111111111111011111111111111101111111111111110111111111111111
0111111111111111011111111111111101111111111111110111111111111111
0111111111111111011111111111111101111111111111110111111111111111
0111111111111111011111111111111101111111111111110111111111111111
0111111111111111011111111111111101111111111111110111111111111111
0111111111111111011111111111111101111111111111110111111111111111
0111111111111111011111111111111101111111111111110111111111111111
0111111111111111011111111111111101111111111111110111111111111111
0111111111111111011111111111111101111111111111110111111111111111
0111111111111111011111111111111101111111111111110111111111111111
0111111111111111011111111111111101111111111111110111111111111111
0111111111111111011111111111111101111111111111110111111111111111
0111111111111111011111111111111101111111111111110111111111111111
0111111111111111011111111111111101111111111111110111111111111111
0111111111111111011111111111111101111111111111110111111111111111
0111111111111111011111111111111101111111111111110111111111111111
0111111111111111011111111111111101111111111111110111111111111111
0111111111111111011111111111111101111111111111110111111111111111
0111111111111111011111111111111101111111111111110111111111111111
0111111111111111011111111111111101111111111111110111111111111111
0111111111111111011111111111111101111111111111110111111111111111
0111111111111111011111111111111101111111111111110111111111111111
0111111111111111011111111111111101111111111111110111111111111111
0111111111111111011111111111111101111111111111110111111111111111
0111111111111111011111111111111101111111111111110111111111111111
0111111111111111011111111111111101111111111111110111111111111111
0111111111111111011111111111111101111111111111110111111111111111
0111111111111111011111111111111101111111111111110111111111111111
0111111111111111011111111111111101111111111111110111111111111111
0111111111111111011111111111111101111111111111110111111111111111
0111111111111111011111111111111101111111111111110111111111111111
0111111111111111011111111111111101111111111111110111111111111111
0111111111111111011111111111111101111111111111110111111111111111
0111111111111111011111111111111101111111111111110111111111111111
0111111111111111011111111111111101111111111111110111111111111111
0111111111111111011111111111111101111111111111110111111111111111
0111111111111111011111111111111101111111111111110111111111111111
0111111111111111011111111111111101111111111111110111111111111111
0111111111111111011111111111111101111111111111110111111111111111
0111111111111111011111111111111101111111111111110111111111111111
0111111111111111011111111111111101111111111111110111111111111111
0111111111111111011111111111111101111111111111110111111111111111
0111111111111111011111111111111101111111111111110111111111111111
0111111111111111011111111111111101111111111111110111111111111111
0111111111111111011111111111111101111111111111110111111111111111
0111111111111111011111111111111101111111111111110111111111111111
0111111111111111011111111111111101111111111111110111111111111111
0111111111111111011111111111111101111111111111110111111111111111
0111111111111111011111111111111101111111111111110111111111111111
0111111111111111011111111111111101111111111111110111111111111111
0111111111111111011111111111111101111111111111110111111111111111
0111111111111111011111111111111101111111111111110111111111111111
0111111111111111011111111111111101111111111111110111111111111111
0111111111111111011111111111111101111111111111110111111111111111
0111111111111111011111111111111101111111111111110111111111111111
0111111111111111011111111111111101111111111111110111111111111111
0111111111111111011111111111111101111111111111110111111111111111
0111111111111111011111111111111101111111111111110111111111111111
0111111111111111011111111111111101111111111111110111111111111111
0111111111111111011111111111111101111111111111110111111111111111
0111111111111111011111111111111101111111111111110111111111111111
0111111111111111011111111111111101111111111111110111111111111111
0111111111111111011111111111111101111111111111110111111111111111
0111111111111111011111111111111101111111111111110111111111111111
0111111111111111011111111111111101111111111111110111111111111111
0111111111111111011111111111111101111111111111110111111111111111
0111111111111111011111111111111101111111111111110111111111111111
0111111111111111011111111111111101111111111111110111111111111111
0111111111111111011111111111111101111111111111110111111111111111
0111111111111111011111111111111101111111111111110111111111111111
0111111111111111011111111111111101111111111111110111111111111111
0111111111111111011111111111111101111111111111110111111111111111
0111111111111111011111111111111101111111111111110111111111111111
0111111111111111011111111111111101111111111111110111111111111111
0111111111111111011111111111111101111111111111110111111111111111
0111111111111111011111111111111101111111111111110111111111111111
0111111111111111011111111111111101111111111111110111111111111111
0111111111111111011111111111111101111111111111110111111111111111
0111111111111111011111111111111101111111111111110111111111111111
0111111111111111011111111111111101111111111111110111111111111111
0111111111111111011111111111111101111111111111110111111111111111
0111111111111111011111111111111101111111111111110111111111111111
0111111111111111011111111111111101111111111111110111111111111111
0111111111111111011111111111111101111111111111110111111111111111
0111111111111111011111111111111101111111111111110111111111111111
0111111111111111011111111111111101111111111111110111111111111111
0111111111111111011111111111111101111111111111110111111111111111
0111111111111111011111111111111101111111111111110111111111111111
0111111111111111011111111111111101111111111111110111111111111111
0111111111111111011111111111111101111111111111110111111111111111
0111111111111111011111111111111101111111111111110111111111111111
0111111111111111011111111111111101111111111111110111111111111111
0111111111111111011111111111111101111111111111110111111111111111
0111111111111111011111111111111101111111111111110111111111111111
0111111111111111011111111111111101111111111111110111111111111111
0111111111111111011111111111111101111111111111110111111111111111
0111111111111111011111111111111101111111111111110111111111111111
0111111111111111011111111111111101111111111111110111111111111111
0111111111111111011111111111111101111111111111110111111111111111
0111111111111111011111111111111101111111111111110111111111111111
0111111111111111011111111111111101111111111111110111111111111111
0111111111111111011111111111111101111111111111110111111111111111
0111111111111111011111111111111101111111111111110111111111111111
0111111111111111011111111111111101111111111111110111111111111111
0111111111111111011111111111111101111111111111110111111111111111
0111111111111111011111111111111101111111111111110111111111111111
0111111111111111011111111111111101111111111111110111111111111111
0111111111111111011111111111111101111111111111110111111111111111
0111111111111111011111111111111101111111111111110111111111111111
0111111111111111011111111111111101111111111111110111111111111111
0111111111111111011111111111111101111111111111110111111111111111
0111111111111111011111111111111101111111111111110111111111111111
0111111111111111011111111111111101111111111111110111111111111111
0111111111111111011111111111111101111111111111110111111111111111
0111111111111111011111111111111101111111111111110111111111111111
0111111111111111011111111111111101111111111111110111111111111111
0111111111111111011111111111111101111111111111110111111111111111
0111111111111111011111111111111101111111111111110111111111111111
0111111111111111011111111111111101111111111111110111111111111111
0111111111111111011111111111111101111111111111110111111111111111
0111111111111111011111111111111101111111111111110111111111111111
0111111111111111011111111111111101111111111111110111111111111111
0111111111111111011111111111111101111111111111110111111111111111
0111111111111111011111111111111101111111111111110111111111111111
0111111111111111011111111111111101111111111111110111111111111111
0111111111111111011111111111111101111111111111110111111111111111
0111111111111111011111111111111101111111111111110111111111111111
0111111111111111011111111111111101111111111111110111111111111111
0111111111111111011111111111111101111111111111110111111111111111
0111111111111111011111111111111101111111111111110111111111111111
0111111111111111011111111111111101111111111111110111111111111111
0111111111111111011111111111111101111111111111110111111111111111
0111111111111111011111111111111101111111111111110111111111111111
0111111111111111011111111111111101111111111111110111111111111111
0111111111111111011111111111111101111111111111110111111111111111
0111111111111111011111111111111101111111111111110111111111111111
0111111111111111011111111111111101111111111111110111111111111111
0111111111111111011111111111111101111111111111110111111111111111
0111111111111111011111111111111101111111111111110111111111111111
0111111111111111011111111111111101111111111111110111111111111111
0111111111111111011111111111111101111111111111110111111111111111
0111111111111111011111111111111101111111111111110111111111111111
0111111111111111011111111111111101111111111111110111111111111111
0111111111111111011111111111111101111111111111110111111111111111
0111111111111111011111111111111101111111111111110111111111111111
0111111111111111011111111111111101111111111111110111111111111111
0111111111111111011111111111111101111111111111110111111111111111
0111111111111111011111111111111101111111111111110111111111111111
0111111111111111011111111111111101111111111111110111111111111111
0111111111111111011111111111111101111111111111110111111111111111
0111111111111111011111111111111101111111111111110111111111111111
0111111111111111011111111111111101111111111111110111111111111111
0111111111111111011111111111111101111111111111110111111111111111
0111111111111111011111111111111101111111111111110111111111111111
0111111111111111011111111111111101111111111111110111111111111111
0111111111111111011111111111111101111111111111110111111111111111
0111111111111111011111111111111101111111111111110111111111111111
0111111111111111011111111111111101111111111111110111111111111111
0111111111111111011111111111111101111111111111110111111111111111
0111111111111111011111111111111101111111111111110111111111111111
0111111111111111011111111111111101111111111111110111111111111111
0111111111111111011111111111111101111111111111110111111111111111
0111111111111111011111111111111101111111111111110111111111111111
0111111111111111011111111111111101111111111111110111111111111111
0111111111111111011111111111111101111111111111110111111111111111
0111111111111111011111111111111101111111111111110111111111111111
0111111111111111011111111111111101111111111111110111111111111111
0111111111111111011111111111111101111111111111110111111111111111
0111111111111111011111111111111101111111111111110111111111111111
0111111111111111011111111111111101111111111111110111111111111111
0111111111111111011111111111111101111111111111110111111111111111
0111111111111111011111111111111101111111111111110111111111111111
0111111111111111011111111111111101111111111111110111111111111111
0111111111111111011111111111111101111111111111110111111111111111
0111111111111111011111111111111101111111111111110111111111111111
0111111111111111011111111111111101111111111111110111111111111111
0111111111111111011111111111111101111111111111110111111111111111
0111111111111111011111111111111101111111111111110111111111111111
0111111111111111011111111111111101111111111111110111111111111111
0111111111111111011111111111111101111111111111110111111111111111
0111111111111111011111111111111101111111111111110111111111111111
0111111111111111011111111111111101111111111111110111111111111111
0111111111111111011111111111111101111111111111110111111111111111
0111111111111111011111111111111101111111111111110111111111111111
0111111111111111011111111111111101111111111111110111111111111111
0111111111111111011111111111111101111111111111110111111111111111
0111111111111111011111111111111101111111111111110111111111111111
0111111111111111011111111111111101111111111111110111111111111111
0111111111111111011111111111111101111111111111110111111111111111
0111111111111111011111111111111101111111111111110111111111111111
0111111111111111011111111111111101111111111111110111111111111111
0111111111111111011111111111111101111111111111110111111111111111
0111111111111111011111111111111101111111111111110111111111111111
0111111111111111011111111111111101111111111111110111111111111111
0111111111111111011111111111111101111111111111110111111111111111
0111111111111111011111111111111101111111111111110111111111111111
0111111111111111011111111111111101111111111111110111111111111111
0111111111111111011111111111111101111111111111110111111111111111
0111111111111111011111111111111101111111111111110111111111111111
0111111111111111011111111111111101111111111111110111111111111111
0111111111111111011111111111111101111111111111110111111111111111
0111111111111111011111111111111101111111111111110111111111111111
0111111111111111011111111111111101111111111111110111111111111111
0111111111111111011111111111111101111111111111110111111111111111
0111111111111111011111111111111101111111111111110111111111111111
0111111111111111011111111111111101111111111111110111111111111111
0111111111111111011111111111111101111111111111110111111111111111
0111111111111111011111111111111101111111111111110111111111111111
0111111111111111011111111111111101111111111111110111111111111111
0111111111111111011111111111111101111111111111110111111111111111
0111111111111111011111111111111101111111111111110111111111111111
0111111111111111011111111111111101111111111111110111111111111111
0111111111111111011111111111111101111111111111110111111111111111
0111111111111111011111111111111101111111111111110111111111111111
0111111111111111011111111111111101111111111111110111111111111111
0111111111111111011111111111111101111111111111110111111111111111
0111111111111111011111111111111101111111111111110111111111111111
0111111111111111011111111111111101111111111111110111111111111111
0111111111111111011111111111111101111111111111110111111111111111
0111111111111111011111111111111101111111111111110111111111111111
0111111111111111011111111111111101111111111111110111111111111111
0111111111111111011111111111111101111111111111110111111111111111
1111111101000001000000000010000100000000000000000000000000000000
1111111101100010000000000001100000000000000000000000000000000000
0000000010011110111111111110100000000000000000000000000000000000
0000000010111111111111111101111100000000000000000000000000000000
1111111101101110000000000000110001111111111111110000000000000000
1111111101000010000000000001110001111111111111110000000000000000
0000000010111110111111111110010001111111111111110000000000000000
0000000010010010111111111111010001111111111111110000000000000000
0111111111111111011111111111111101111111111111110111111111111111
0111111111111111011111111111111101111111111111110111111111111111
0111111111111111011111111111111101111111111111110111111111111111
0111111111111111011111111111111101111111111111110111111111111111
0111111111111111011111111111111101111111111111110111111111111111
0111111111111111011111111111111101111111111111110111111111111111
0111111111111111011111111111111101111111111111110111111111111111
0111111111111111011111111111111101111111111111110111111111111111
0111111111111111011111111111111101111111111111110111111111111111
0111111111111111011111111111111101111111111111110111111111111111
0111111111111111011111111111111101111111111111110111111111111111
0111111111111111011111111111111101111111111111110111111111111111
0111111111111111011111111111111101111111111111110111111111111111
0111111111111111011111111111111101111111111111110111111111111111
0111111111111111011111111111111101111111111111110111111111111111
0111111111111111011111111111111101111111111111110111111111111111
0111111111111111011111111111111101111111111111110111111111111111
0111111111111111011111111111111101111111111111110111111111111111
0111111111111111011111111111111101111111111111110111111111111111
0111111111111111011111111111111101111111111111110111111111111111
0111111111111111011111111111111101111111111111110111111111111111
0111111111111111011111111111111101111111111111110111111111111111
0111111111111111011111111111111101111111111111110111111111111111
0111111111111111011111111111111101111111111111110111111111111111
0111111111111111011111111111111101111111111111110111111111111111
0111111111111111011111111111111101111111111111110111111111111111
0111111111111111011111111111111101111111111111110111111111111111
0111111111111111011111111111111101111111111111110111111111111111
0111111111111111011111111111111101111111111111110111111111111111
0111111111111111011111111111111101111111111111110111111111111111
0111111111111111011111111111111101111111111111110111111111111111
0111111111111111011111111111111101111111111111110111111111111111
0111111111111111011111111111111101111111111111110111111111111111
0111111111111111011111111111111101111111111111110111111111111111
0111111111111111011111111111111101111111111111110111111111111111
0111111111111111011111111111111101111111111111110111111111111111
0111111111111111011111111111111101111111111111110111111111111111
0111111111111111011111111111111101111111111111110111111111111111
0111111111111111011111111111111101111111111111110111111111111111
0111111111111111011111111111111101111111111111110111111111111111
0111111111111111011111111111111101111111111111110111111111111111
0111111111111111011111111111111101111111111111110111111111111111
0111111111111111011111111111111101111111111111110111111111111111
0111111111111111011111111111111101111111111111110111111111111111
0111111111111111011111111111111101111111111111110111111111111111
0111111111111111011111111111111101111111111111110111111111111111
0111111111111111011111111111111101111111111111110111111111111111
0111111111111111011111111111111101111111111111110111111111111111
0111111111111111011111111111111101111111111111110111111111111111
0111111111111111011111111111111101111111111111110111111111111111
0111111111111111011111111111111101111111111111110111111111111111
0111111111111111011111111111111101111111111111110111111111111111
0111111111111111011111111111111101111111111111110111111111111111
0111111111111111011111111111111101111111111111110111111111111111
0111111111111111011111111111111101111111111111110111111111111111
0111111111111111011111111111111101111111111111110111111111111111
0111111111111111011111111111111101111111111111110111111111111111
0111111111111111011111111111111101111111111111110111111111111111
0111111111111111011111111111111101111111111111110111111111111111
0111111111111111011111111111111101111111111111110111111111111111
0111111111111111011111111111111101111111111111110111111111111111
0111111111111111011111111111111101111111111111110111111111111111
0111111111111111011111111111111101111111111111110111111111111111
0111111111111111011111111111111101111111111111110111111111111111
0111111111111111011111111111111101111111111111110111111111111111
0111111111111111011111111111111101111111111111110111111111111111
0111111111111111011111111111111101111111111111110111111111111111
0111111111111111011111111111111101111111111111110111111111111111
0111111111111111011111111111111101111111111111110111111111111111
0111111111111111011111111111111101111111111111110111111111111111
0111111111111111011111111111111101111111111111110111111111111111
0111111111111111011111111111111101111111111111110111111111111111
0111111111111111011111111111111101111111111111110111111111111111
0111111111111111011111111111111101111111111111110111111111111111
0111111111111111011111111111111101111111111111110111111111111111
0111111111111111011111111111111101111111111111110111111111111111
0111111111111111011111111111111101111111111111110111111111111111
0111111111111111011111111111111101111111111111110111111111111111
0111111111111111011111111111111101111111111111110111111111111111
0111111111111111011111111111111101111111111111110111111111111111
0111111111111111011111111111111101111111111111110111111111111111
0111111111111111011111111111111101111111111111110111111111111111
0111111111111111011111111111111101111111111111110111111111111111
0111111111111111011111111111111101111111111111110111111111111111
0111111111111111011111111111111101111111111111110111111111111111
0111111111111111011111111111111101111111111111110111111111111111
0111111111111111011111111111111101111111111111110111111111111111
0111111111111111011111111111111101111111111111110111111111111111
0111111111111111011111111111111101111111111111110111111111111111
0111111111111111011111111111111101111111111111110111111111111111
0111111111111111011111111111111101111111111111110111111111111111
0111111111111111011111111111111101111111111111110111111111111111
0111111111111111011111111111111101111111111111110111111111111111
0111111111111111011111111111111101111111111111110111111111111111
0111111111111111011111111111111101111111111111110111111111111111
0111111111111111011111111111111101111111111111110111111111111111
0111111111111111011111111111111101111111111111110111111111111111
0111111111111111011111111111111101111111111111110111111111111111
0111111111111111011111111111111101111111111111110111111111111111
0111111111111111011111111111111101111111111111110111111111111111
0111111111111111011111111111111101111111111111110111111111111111
0111111111111111011111111111111101111111111111110111111111111111
0111111111111111011111111111111101111111111111110111111111111111
0111111111111111011111111111111101111111111111110111111111111111
0111111111111111011111111111111101111111111111110111111111111111
0111111111111111011111111111111101111111111111110111111111111111
0111111111111111011111111111111101111111111111110111111111111111
0111111111111111011111111111111101111111111111110111111111111111
0111111111111111011111111111111101111111111111110111111111111111
0111111111111111011111111111111101111111111111110111111111111111
0111111111111111011111111111111101111111111111110111111111111111
0111111111111111011111111111111101111111111111110111111111111111
0111111111111111011111111111111101111111111111110111111111111111
0111111111111111011111111111111101111111111111110111111111111111
0111111111111111011111111111111101111111111111110111111111111111
0111111111111111011111111111111101111111111111110111111111111111
0111111111111111011111111111111101111111111111110111111111111111
0111111111111111011111111111111101111111111111110111111111111111
0111111111111111011111111111111101111111111111110111111111111111
0111111111111111011111111111111101111111111111110111111111111111
0111111111111111011111111111111101111111111111110111111111111111
0111111111111111011111111111111101111111111111110111111111111111
0111111111111111011111111111111101111111111111110111111111111111
0111111111111111011111111111111101111111111111110111111111111111
0111111111111111011111111111111101111111111111110111111111111111
0111111111111111011111111111111101111111111111110111111111111111
0111111111111111011111111111111101111111111111110111111111111111
0111111111111111011111111111111101111111111111110111111111111111
1111111100111101011111111111111100000000000000000000000000000000
1111111100111110011111111111111100000000000000000000000000000000
0000000011000001011111111111111100000000000000000000000000000000
0000000011000011011111111111111100000000000000000000000000000000
0111111111111111011111111111111101111111111111110111111111111111
0111111111111111011111111111111101111111111111110111111111111111
0111111111111111011111111111111101111111111111110111111111111111
0111111111111111011111111111111101111111111111110111111111111111
0111111111111111011111111111111101111111111111110111111111111111
0111111111111111011111111111111101111111111111110111111111111111
0111111111111111011111111111111101111111111111110111111111111111
0111111111111111011111111111111101111111111111110111111111111111
0111111111111111011111111111111101111111111111110111111111111111
0111111111111111011111111111111101111111111111110111111111111111
0111111111111111011111111111111101111111111111110111111111111111
0111111111111111011111111111111101111111111111110111111111111111
0111111111111111011111111111111101111111111111110111111111111111
0111111111111111011111111111111101111111111111110111111111111111
0111111111111111011111111111111101111111111111110111111111111111
0111111111111111011111111111111101111111111111110111111111111111
0111111111111111011111111111111101111111111111110111111111111111
0111111111111111011111111111111101111111111111110111111111111111
0111111111111111011111111111111101111111111111110111111111111111
0111111111111111011111111111111101111111111111110111111111111111
0111111111111111011111111111111101111111111111110111111111111111
0111111111111111011111111111111101111111111111110111111111111111
0111111111111111011111111111111101111111111111110111111111111111
0111111111111111011111111111111101111111111111110111111111111111
0111111111111111011111111111111101111111111111110111111111111111
0111111111111111011111111111111101111111111111110111111111111111
0111111111111111011111111111111101111111111111110111111111111111
0111111111111111011111111111111101111111111111110111111111111111
0111111111111111011111111111111101111111111111110111111111111111
0111111111111111011111111111111101111111111111110111111111111111
0111111111111111011111111111111101111111111111110111111111111111
0111111111111111011111111111111101111111111111110111111111111111
0111111111111111011111111111111101111111111111110111111111111111
0111111111111111011111111111111101111111111111110111111111111111
0111111111111111011111111111111101111111111111110111111111111111
0111111111111111011111111111111101111111111111110111111111111111
0111111111111111011111111111111101111111111111110111111111111111
0111111111111111011111111111111101111111111111110111111111111111
0111111111111111011111111111111101111111111111110111111111111111
0111111111111111011111111111111101111111111111110111111111111111
0111111111111111011111111111111101111111111111110111111111111111
0111111111111111011111111111111101111111111111110111111111111111
0111111111111111011111111111111101111111111111110111111111111111
0111111111111111011111111111111101111111111111110111111111111111
0111111111111111011111111111111101111111111111110111111111111111
0111111111111111011111111111111101111111111111110111111111111111
0111111111111111011111111111111101111111111111110111111111111111
0111111111111111011111111111111101111111111111110111111111111111
0111111111111111111111101001100100000000000000000000000000000000
0111111111111111111111101100000000000000000000000000000000000000
0111111111111111000000010100000000000000000000000000000000000000
0111111111111111000000010110011000000000000000000000000000000000
0111111111111111011111111111111101111111111111110111111111111111
0111111111111111011111111111111101111111111111110111111111111111
0111111111111111011111111111111101111111111111110111111111111111
0111111111111111011111111111111101111111111111110111111111111111
0111111111111111011111111111111101111111111111110111111111111111
0111111111111111011111111111111101111111111111110111111111111111
0111111111111111011111111111111101111111111111110111111111111111
0111111111111111011111111111111101111111111111110111111111111111
0111111111111111011111111111111101111111111111110111111111111111
0111111111111111011111111111111101111111111111110111111111111111
0111111111111111011111111111111101111111111111110111111111111111
0111111111111111011111111111111101111111111111110111111111111111
0111111111111111011111111111111101111111111111110111111111111111
0111111111111111011111111111111101111111111111110111111111111111
0111111111111111011111111111111101111111111111110111111111111111
0111111111111111011111111111111101111111111111110111111111111111
0111111111111111011111111111111101111111111111110111111111111111
0111111111111111011111111111111101111111111111110111111111111111
0111111111111111011111111111111101111111111111110111111111111111
0111111111111111011111111111111101111111111111110111111111111111
0111111111111111011111111111111101111111111111110111111111111111
0111111111111111011111111111111101111111111111110111111111111111
0111111111111111011111111111111101111111111111110111111111111111
0111111111111111011111111111111101111111111111110111111111111111
0111111111111111011111111111111101111111111111110111111111111111
0111111111111111011111111111111101111111111111110111111111111111
0111111111111111011111111111111101111111111111110111111111111111
0111111111111111011111111111111101111111111111110111111111111111
0111111111111111011111111111111101111111111111110111111111111111
0111111111111111011111111111111101111111111111110111111111111111
0111111111111111011111111111111101111111111111110111111111111111
0111111111111111011111111111111101111111111111110111111111111111
0111111111111111011111111111111101111111111111110111111111111111
0111111111111111011111111111111101111111111111110111111111111111
0111111111111111011111111111111101111111111111110111111111111111
0111111111111111011111111111111101111111111111110111111111111111
0111111111111111011111111111111101111111111111110111111111111111
0111111111111111011111111111111101111111111111110111111111111111
0111111111111111011111111111111101111111111111110111111111111111
0111111111111111011111111111111101111111111111110111111111111111
0111111111111111011111111111111101111111111111110111111111111111
0111111111111111011111111111111101111111111111110111111111111111
0111111111111111011111111111111101111111111111110111111111111111
0111111111111111011111111111111101111111111111110111111111111111
0111111111111111011111111111111111111111110111011111111111101011
0111111111111111011111111111111111111111111100101111111111110111
0111111111111111011111111111111100000000000011100000000000001001
0111111111111111011111111111111100000000001000110000000000010101
0111111111111111011111111111111101111111111111110111111111111111
0111111111111111011111111111111101111111111111110111111111111111
0111111111111111011111111111111101111111111111110111111111111111
0111111111111111011111111111111101111111111111110111111111111111
0111111111111111011111111111111101111111111111110111111111111111
0111111111111111011111111111111101111111111111110111111111111111
0111111111111111011111111111111101111111111111110111111111111111
0111111111111111011111111111111101111111111111110111111111111111
0111111111111111011111111111111101111111111111110111111111111111
0111111111111111011111111111111101111111111111110111111111111111
0111111111111111011111111111111101111111111111110111111111111111
0111111111111111011111111111111101111111111111110111111111111111
0111111111111111011111111111111101111111111111110111111111111111
0111111111111111011111111111111101111111111111110111111111111111
0111111111111111011111111111111101111111111111110111111111111111
0111111111111111011111111111111101111111111111110111111111111111
0111111111111111011111111111111101111111111111110111111111111111
0111111111111111011111111111111101111111111111110111111111111111
0111111111111111011111111111111101111111111111110111111111111111
0111111111111111011111111111111101111111111111110111111111111111
0111111111111111011111111111111101111111111111110111111111111111
0111111111111111011111111111111101111111111111110111111111111111
0111111111111111011111111111111101111111111111110111111111111111
0111111111111111011111111111111101111111111111110111111111111111
0111111111111111011111111111111101111111111111110111111111111111
0111111111111111011111111111111101111111111111110111111111111111
0111111111111111011111111111111101111111111111110111111111111111
0111111111111111011111111111111101111111111111110111111111111111
0111111111111111011111111111111101111111111111110111111111111111
0111111111111111011111111111111101111111111111110111111111111111
0111111111111111011111111111111101111111111111110111111111111111
0111111111111111011111111111111101111111111111110111111111111111
1111111111100010000000000000011000000000000000000000000000000000
0000000000011110111111111111101000000000000000000000000000000000
1111111101001000000000000010101001111111111111110000000000000000
0000000010111000111111111101011001111111111111110000000000000000
1111111101100100000000000010001100000000000000000111111111111111
0000000010011100111111111101110100000000000000000111111111111111
0111111111111111011111111111111101111111111111110111111111111111
0111111111111111011111111111111101111111111111110111111111111111
0111111111111111011111111111111101111111111111110111111111111111
0111111111111111011111111111111101111111111111110111111111111111
0111111111111111011111111111111101111111111111110111111111111111
0111111111111111011111111111111101111111111111110111111111111111
0111111111111111011111111111111101111111111111110111111111111111
0111111111111111011111111111111101111111111111110111111111111111
0111111111111111011111111111111101111111111111110111111111111111
0111111111111111011111111111111101111111111111110111111111111111
0111111111111111011111111111111101111111111111110111111111111111
0111111111111111011111111111111101111111111111110111111111111111
0111111111111111011111111111111101111111111111110111111111111111
0111111111111111011111111111111101111111111111110111111111111111
0111111111111111011111111111111101111111111111110111111111111111
0111111111111111011111111111111101111111111111110111111111111111
0111111111111111011111111111111101111111111111110111111111111111
0111111111111111011111111111111101111111111111110111111111111111
0111111111111111011111111111111101111111111111110111111111111111
0111111111111111011111111111111101111111111111110111111111111111
0111111111111111011111111111111101111111111111110111111111111111
0111111111111111011111111111111101111111111111110111111111111111
0111111111111111011111111111111101111111111111110111111111111111
0111111111111111011111111111111101111111111111110111111111111111
0111111111111111011111111111111101111111111111110111111111111111
0111111111111111011111111111111101111111111111110111111111111111
0111111111111111011111111111111101111111111111110111111111111111
0111111111111111011111111111111101111111111111110111111111111111
0111111111111111011111111111111101111111111111110111111111111111
0111111111111111011111111111111101111111111111110111111111111111
0111111111111111011111111111111101111111111111110111111111111111
0111111111111111011111111111111101111111111111110111111111111111
0111111111111111011111111111111101111111111111110111111111111111
0111111111111111011111111111111101111111111111110111111111111111
0111111111111111011111111111111101111111111111110111111111111111
0111111111111111011111111111111101111111111111110111111111111111
0111111111111111011111111111111101111111111111110111111111111111
0111111111111111011111111111111101111111111111110111111111111111
0111111111111111011111111111111101111111111111110111111111111111
0111111111111111011111111111111101111111111111110111111111111111
0111111111111111011111111111111101111111111111110111111111111111
0111111111111111011111111111111101111111111111110111111111111111
0111111111111111011111111111111101111111111111110111111111111111
0111111111111111011111111111111101111111111111110111111111111111
0111111111111111011111111111111101111111111111110111111111111111
0111111111111111011111111111111101111111111111110111111111111111
0111111111111111011111111111111101111111111111110111111111111111
0111111111111111011111111111111101111111111111110111111111111111
0111111111111111011111111111111101111111111111110111111111111111
0111111111111111011111111111111101111111111111110111111111111111
1111111111110000011111111111111100000000000000000000000000000000
0000000000010000011111111111111100000000000000000000000000000000
1111111101000010011111111111111101111111111111110000000000000000
0000000010111110011111111111111101111111111111110000000000000000
1111111101011111011111111111111100000000000000000111111111111111
0000000010100001011111111111111100000000000000000111111111111111
0111111111111111011111111111111101111111111111110111111111111111
0111111111111111011111111111111101111111111111110111111111111111
0111111111111111011111111111111101111111111111110111111111111111
0111111111111111011111111111111101111111111111110111111111111111
0111111111111111011111111111111101111111111111110111111111111111
0111111111111111011111111111111101111111111111110111111111111111
0111111111111111011111111111111101111111111111110111111111111111
0111111111111111011111111111111101111111111111110111111111111111
0111111111111111011111111111111101111111111111110111111111111111
0111111111111111011111111111111101111111111111110111111111111111
0111111111111111011111111111111101111111111111110111111111111111
0111111111111111011111111111111101111111111111110111111111111111
0111111111111111011111111111111101111111111111110111111111111111
0111111111111111011111111111111101111111111111110111111111111111
0111111111111111011111111111111101111111111111110111111111111111
0111111111111111011111111111111101111111111111110111111111111111
0111111111111111011111111111111101111111111111110111111111111111
0111111111111111011111111111111101111111111111110111111111111111
0111111111111111011111111111111101111111111111110111111111111111
0111111111111111011111111111111101111111111111110111111111111111
0111111111111111011111111111111101111111111111110111111111111111
0111111111111111011111111111111101111111111111110111111111111111
0111111111111111111111111101011100000000000000000000000000000000
0111111111111111000000000010100100000000000000000000000000000000
0111111111111111111111111101110100000000000000000111111111111111
0111111111111111000000000010001100000000000000000111111111111111
0111111111111111111111101001110101111111111111110000000000000000
0111111111111111000000010110001101111111111111110000000000000000
0111111111111111111111101101010000000000000000000111111111111111
0111111111111111000000010010110000000000000000000111111111111111
0111111111111111011111111111111101111111111111110111111111111111
0111111111111111011111111111111101111111111111110111111111111111
0111111111111111011111111111111101111111111111110111111111111111
0111111111111111011111111111111101111111111111110111111111111111
0111111111111111011111111111111101111111111111110111111111111111
0111111111111111011111111111111101111111111111110111111111111111
0111111111111111011111111111111101111111111111110111111111111111
0111111111111111011111111111111101111111111111110111111111111111
0111111111111111011111111111111101111111111111110111111111111111
0111111111111111011111111111111101111111111111110111111111111111
0111111111111111011111111111111100000000000000010000000000000000
0111111111111111011111111111111111111111111111110000000000000000
0111111111111111011111111111111101111111111111110111111111111111
0111111111111111011111111111111101111111111111110111111111111111
0111111111111111011111111111111101111111111111110111111111111111
0111111111111111011111111111111101111111111111110111111111111111
0111111111111111011111111111111101111111111111110111111111111111
0111111111111111011111111111111101111111111111110111111111111111
0111111111111111011111111111111101111111111111110111111111111111
0111111111111111011111111111111101111111111111110111111111111111
0111111111111111011111111111111101111111111111110111111111111111
0111111111111111011111111111111101111111111111110111111111111111
0111111111111111011111111111111101111111111111110111111111111111
0111111111111111011111111111111101111111111111110111111111111111
0111111111111111011111111111111101111111111111110111111111111111
0111111111111111011111111111111101111111111111110111111111111111
0000000000000000000000000000000000000000000000000000000000000000
0000000000000000000000000000000000000000000000000111111111111111
0000000000000000000000000000000001111111111111110000000000000000
0000000000000000000000000000000001111111111111110111111111111111
0111111111111111011111111111111101111111111111110111111111111111
0111111111111111011111111111111101111111111111110111111111111111
0111111111111111011111111111111101111111111111110111111111111111
0111111111111111011111111111111101111111111111110111111111111111
0111111111111111011111111111111101111111111111110111111111111111
0111111111111111011111111111111101111111111111110111111111111111
0111111111111111011111111111111101111111111111110111111111111111
0111111111111111011111111111111101111111111111110111111111111111
0111111111111111011111111111111101111111111111110111111111111111
0111111111111111011111111111111101111111111111110111111111111111
0111111111111111011111111111111101111111111111110111111111111111
0000000000000000011111111111111100000000000000000000000000000000
0000000000000000011111111111111100000000000000000111111111111111
0000000000000000011111111111111101111111111111110000000000000000
0111111111111111011111111111111101111111111111110111111111111111
0111111111111111011111111111111101111111111111110111111111111111
0111111111111111011111111111111101111111111111110111111111111111
0111111111111111011111111111111101111111111111110111111111111111
0111111111111111011111111111111101111111111111110111111111111111
0111111111111111011111111111111101111111111111110111111111111111
0111111111111111011111111111111101111111111111110111111111111111
0111111111111111011111111111111101111111111111110111111111111111
0111111111111111011111111111111101111111111111110111111111111111
0111111111111111011111111111111101111111111111110111111111111111
0111111111111111011111111111111101111111111111110111111111111111
0111111111111111011111111111111101111111111111110111111111111111
0111111111111111011111111111111101111111111111110111111111111111
0111111111111111011111111111111101111111111111110111111111111111
0111111111111111011111111111111101111111111111110111111111111111
0111111111111111011111111111111101111111111111110111111111111111
0111111111111111000000000000000000000000000000000000000000000000
0111111111111111000000000000000000000000000000000111111111111111
0111111111111111000000000000000001111111111111110000000000000000
0111111111111111011111111111111101111111111111110111111111111111
0111111111111111011111111111111101111111111111110111111111111111
0111111111111111011111111111111100000000000000000000000000000000
0111111111111111011111111111111101111111111111110111111111111111
0111111111111111011111111111111101111111111111110111111111111111
0111111111111111011111111111111101111111111111110111111111111111
0111111111111111011111111111111101111111111111110111111111111111
0111111111111111011111111111111101111111111111110111111111111111
0111111111111111011111111111111101111111111111110111111111111111
