0111111111111111011111111111111101111111111111110111111111111111
0111111111111111011111111111111101111111111111110111111111111111
0111111111111111011111111111111101111111111111110111111111111111
0111111111111111011111111111111101111111111111110111111111111111
0111111111111111011111111111111101111111111111110111111111111111
0111111111111111011111111111111101111111111111110111111111111111
0111111111111111011111111111111101111111111111110111111111111111
0111111111111111011111111111111101111111111111110111111111111111
0111111111111111011111111111111101111111111111110111111111111111
0111111111111111011111111111111101111111111111110111111111111111
0111111111111111011111111111111101111111111111110111111111111111
0111111111111111011111111111111101111111111111110111111111111111
0111111111111111011111111111111101111111111111110111111111111111
0111111111111111011111111111111101111111111111110111111111111111
0111111111111111011111111111111101111111111111110111111111111111
0111111111111111011111111111111101111111111111110111111111111111
0111111111111111011111111111111101111111111111110111111111111111
0111111111111111011111111111111101111111111111110111111111111111
0111111111111111011111111111111101111111111111110111111111111111
0111111111111111011111111111111101111111111111110111111111111111
0111111111111111011111111111111101111111111111110111111111111111
0111111111111111011111111111111101111111111111110111111111111111
0111111111111111011111111111111101111111111111110111111111111111
0111111111111111011111111111111101111111111111110111111111111111
0111111111111111011111111111111101111111111111110111111111111111
0111111111111111011111111111111101111111111111110111111111111111
0111111111111111011111111111111101111111111111110111111111111111
0111111111111111011111111111111101111111111111110111111111111111
0111111111111111011111111111111101111111111111110111111111111111
0111111111111111011111111111111101111111111111110111111111111111
0111111111111111011111111111111101111111111111110111111111111111
0111111111111111011111111111111101111111111111110111111111111111
0111111111111111011111111111111101111111111111110111111111111111
0111111111111111011111111111111101111111111111110111111111111111
0111111111111111011111111111111101111111111111110111111111111111
0111111111111111011111111111111101111111111111110111111111111111
0111111111111111011111111111111101111111111111110111111111111111
0111111111111111011111111111111101111111111111110111111111111111
0111111111111111011111111111111101111111111111110111111111111111
0111111111111111011111111111111101111111111111110111111111111111
0111111111111111011111111111111101111111111111110111111111111111
0111111111111111011111111111111101111111111111110111111111111111
0111111111111111011111111111111101111111111111110111111111111111
0111111111111111011111111111111101111111111111110111111111111111
0111111111111111011111111111111101111111111111110111111111111111
0111111111111111011111111111111101111111111111110111111111111111
0111111111111111011111111111111101111111111111110111111111111111
0111111111111111011111111111111101111111111111110111111111111111
0111111111111111011111111111111101111111111111110111111111111111
0111111111111111011111111111111101111111111111110111111111111111
0111111111111111011111111111111101111111111111110111111111111111
0111111111111111011111111111111101111111111111110111111111111111
0111111111111111011111111111111101111111111111110111111111111111
0111111111111111011111111111111101111111111111110111111111111111
0111111111111111011111111111111101111111111111110111111111111111
0111111111111111011111111111111101111111111111110111111111111111
0111111111111111011111111111111101111111111111110111111111111111
0111111111111111011111111111111101111111111111110111111111111111
0111111111111111011111111111111101111111111111110111111111111111
0111111111111111011111111111111101111111111111110111111111111111
0111111111111111011111111111111101111111111111110111111111111111
0111111111111111011111111111111101111111111111110111111111111111
0111111111111111011111111111111101111111111111110111111111111111
0111111111111111011111111111111101111111111111110111111111111111
0111111111111111011111111111111101111111111111110111111111111111
0111111111111111011111111111111101111111111111110111111111111111
0111111111111111011111111111111101111111111111110111111111111111
0111111111111111011111111111111101111111111111110111111111111111
0111111111111111011111111111111101111111111111110111111111111111
0111111111111111011111111111111101111111111111110111111111111111
0111111111111111011111111111111101111111111111110111111111111111
0111111111111111011111111111111101111111111111110111111111111111
0111111111111111011111111111111101111111111111110111111111111111
0111111111111111011111111111111101111111111111110111111111111111
0111111111111111011111111111111101111111111111110111111111111111
0111111111111111011111111111111101111111111111110111111111111111
0111111111111111011111111111111101111111111111110111111111111111
0111111111111111011111111111111101111111111111110111111111111111
0111111111111111011111111111111101111111111111110111111111111111
0111111111111111011111111111111101111111111111110111111111111111
0111111111111111011111111111111101111111111111110111111111111111
0111111111111111011111111111111101111111111111110111111111111111
0111111111111111011111111111111101111111111111110111111111111111
0111111111111111011111111111111101111111111111110111111111111111
0111111111111111011111111111111101111111111111110111111111111111
0111111111111111011111111111111101111111111111110111111111111111
0111111111111111011111111111111101111111111111110111111111111111
0111111111111111011111111111111101111111111111110111111111111111
0111111111111111011111111111111101111111111111110111111111111111
0111111111111111011111111111111101111111111111110111111111111111
0111111111111111011111111111111101111111111111110111111111111111
0111111111111111011111111111111101111111111111110111111111111111
0111111111111111011111111111111101111111111111110111111111111111
0111111111111111011111111111111101111111111111110111111111111111
0111111111111111011111111111111101111111111111110111111111111111
0111111111111111011111111111111101111111111111110111111111111111
0111111111111111011111111111111101111111111111110111111111111111
0111111111111111011111111111111101111111111111110111111111111111
0111111111111111011111111111111101111111111111110111111111111111
0111111111111111011111111111111101111111111111110111111111111111
0111111111111111011111111111111101111111111111110111111111111111
0111111111111111011111111111111101111111111111110111111111111111
0111111111111111011111111111111101111111111111110111111111111111
0111111111111111011111111111111101111111111111110111111111111111
0111111111111111011111111111111101111111111111110111111111111111
0111111111111111011111111111111101111111111111110111111111111111
0111111111111111011111111111111101111111111111110111111111111111
0111111111111111011111111111111101111111111111110111111111111111
0111111111111111011111111111111101111111111111110111111111111111
0111111111111111011111111111111101111111111111110111111111111111
0111111111111111011111111111111101111111111111110111111111111111
0111111111111111011111111111111101111111111111110111111111111111
0111111111111111011111111111111101111111111111110111111111111111
0111111111111111011111111111111101111111111111110111111111111111
0111111111111111011111111111111101111111111111110111111111111111
0111111111111111011111111111111101111111111111110111111111111111
0111111111111111011111111111111101111111111111110111111111111111
0111111111111111011111111111111101111111111111110111111111111111
0111111111111111011111111111111101111111111111110111111111111111
0111111111111111011111111111111101111111111111110111111111111111
0111111111111111011111111111111101111111111111110111111111111111
0111111111111111011111111111111101111111111111110111111111111111
0111111111111111011111111111111101111111111111110111111111111111
0111111111111111011111111111111101111111111111110111111111111111
0111111111111111011111111111111101111111111111110111111111111111
0111111111111111011111111111111101111111111111110111111111111111
0111111111111111011111111111111101111111111111110111111111111111
0111111111111111011111111111111101111111111111110111111111111111
0111111111111111011111111111111101111111111111110111111111111111
0111111111111111011111111111111101111111111111110111111111111111
0111111111111111011111111111111101111111111111110111111111111111
0111111111111111011111111111111101111111111111110111111111111111
0111111111111111011111111111111101111111111111110111111111111111
0111111111111111011111111111111101111111111111110111111111111111
0111111111111111011111111111111101111111111111110111111111111111
0111111111111111011111111111111101111111111111110111111111111111
0111111111111111011111111111111101111111111111110111111111111111
0111111111111111011111111111111101111111111111110111111111111111
0111111111111111011111111111111101111111111111110111111111111111
0111111111111111011111111111111101111111111111110111111111111111
0111111111111111011111111111111101111111111111110111111111111111
0111111111111111011111111111111101111111111111110111111111111111
0111111111111111011111111111111101111111111111110111111111111111
0111111111111111011111111111111101111111111111110111111111111111
0111111111111111011111111111111101111111111111110111111111111111
0111111111111111011111111111111101111111111111110111111111111111
0111111111111111011111111111111101111111111111110111111111111111
0111111111111111011111111111111101111111111111110111111111111111
0111111111111111011111111111111101111111111111110111111111111111
0111111111111111011111111111111101111111111111110111111111111111
0111111111111111011111111111111101111111111111110111111111111111
0111111111111111011111111111111101111111111111110111111111111111
0111111111111111011111111111111101111111111111110111111111111111
0111111111111111011111111111111101111111111111110111111111111111
0111111111111111011111111111111101111111111111110111111111111111
0111111111111111011111111111111101111111111111110111111111111111
0111111111111111011111111111111101111111111111110111111111111111
0111111111111111011111111111111101111111111111110111111111111111
0111111111111111011111111111111101111111111111110111111111111111
0111111111111111011111111111111101111111111111110111111111111111
0111111111111111011111111111111101111111111111110111111111111111
0111111111111111011111111111111101111111111111110111111111111111
0111111111111111011111111111111101111111111111110111111111111111
0111111111111111011111111111111101111111111111110111111111111111
0111111111111111011111111111111101111111111111110111111111111111
0111111111111111011111111111111101111111111111110111111111111111
0111111111111111011111111111111101111111111111110111111111111111
0111111111111111011111111111111101111111111111110111111111111111
0111111111111111011111111111111101111111111111110111111111111111
0111111111111111011111111111111101111111111111110111111111111111
0111111111111111011111111111111101111111111111110111111111111111
0111111111111111011111111111111101111111111111110111111111111111
0111111111111111011111111111111101111111111111110111111111111111
0111111111111111011111111111111101111111111111110111111111111111
0111111111111111011111111111111101111111111111110111111111111111
0111111111111111011111111111111101111111111111110111111111111111
0111111111111111011111111111111101111111111111110111111111111111
0111111111111111011111111111111101111111111111110111111111111111
0111111111111111011111111111111101111111111111110111111111111111
0111111111111111011111111111111101111111111111110111111111111111
0111111111111111011111111111111101111111111111110111111111111111
0111111111111111011111111111111101111111111111110111111111111111
0111111111111111011111111111111101111111111111110111111111111111
0111111111111111011111111111111101111111111111110111111111111111
0111111111111111011111111111111101111111111111110111111111111111
0111111111111111011111111111111101111111111111110111111111111111
0111111111111111011111111111111101111111111111110111111111111111
0111111111111111011111111111111101111111111111110111111111111111
0111111111111111011111111111111101111111111111110111111111111111
0111111111111111011111111111111101111111111111110111111111111111
0111111111111111011111111111111101111111111111110111111111111111
0111111111111111011111111111111101111111111111110111111111111111
0111111111111111011111111111111101111111111111110111111111111111
0111111111111111011111111111111101111111111111110111111111111111
0111111111111111011111111111111101111111111111110111111111111111
0111111111111111011111111111111101111111111111110111111111111111
0111111111111111011111111111111101111111111111110111111111111111
0111111111111111011111111111111101111111111111110111111111111111
0111111111111111011111111111111101111111111111110111111111111111
0111111111111111011111111111111101111111111111110111111111111111
0111111111111111011111111111111101111111111111110111111111111111
0111111111111111011111111111111101111111111111110111111111111111
0111111111111111011111111111111101111111111111110111111111111111
0111111111111111011111111111111101111111111111110111111111111111
0111111111111111011111111111111101111111111111110111111111111111
0111111111111111011111111111111101111111111111110111111111111111
0111111111111111011111111111111101111111111111110111111111111111
0111111111111111011111111111111101111111111111110111111111111111
0111111111111111011111111111111101111111111111110111111111111111
0111111111111111011111111111111101111111111111110111111111111111
0111111111111111011111111111111101111111111111110111111111111111
0111111111111111011111111111111101111111111111110111111111111111
0111111111111111011111111111111101111111111111110111111111111111
0111111111111111011111111111111101111111111111110111111111111111
0111111111111111011111111111111101111111111111110111111111111111
0111111111111111011111111111111101111111111111110111111111111111
0111111111111111011111111111111101111111111111110111111111111111
0111111111111111011111111111111101111111111111110111111111111111
0111111111111111011111111111111101111111111111110111111111111111
0111111111111111011111111111111101111111111111110111111111111111
0111111111111111011111111111111101111111111111110111111111111111
0111111111111111011111111111111101111111111111110111111111111111
0111111111111111011111111111111101111111111111110111111111111111
0111111111111111011111111111111101111111111111110111111111111111
0111111111111111011111111111111101111111111111110111111111111111
0111111111111111011111111111111101111111111111110111111111111111
0111111111111111011111111111111101111111111111110111111111111111
0111111111111111011111111111111101111111111111110111111111111111
0111111111111111011111111111111101111111111111110111111111111111
0111111111111111011111111111111101111111111111110111111111111111
0111111111111111011111111111111101111111111111110111111111111111
0111111111111111011111111111111101111111111111110111111111111111
0111111111111111011111111111111101111111111111110111111111111111
0111111111111111011111111111111101111111111111110111111111111111
0111111111111111011111111111111101111111111111110111111111111111
0111111111111111011111111111111101111111111111110111111111111111
0111111111111111011111111111111101111111111111110111111111111111
0111111111111111011111111111111101111111111111110111111111111111
0111111111111111011111111111111101111111111111110111111111111111
0111111111111111011111111111111101111111111111110111111111111111
0111111111111111011111111111111101111111111111110111111111111111
0111111111111111011111111111111101111111111111110111111111111111
0111111111111111011111111111111101111111111111110111111111111111
0111111111111111011111111111111101111111111111110111111111111111
0111111111111111011111111111111101111111111111110111111111111111
0111111111111111011111111111111101111111111111110111111111111111
0111111111111111011111111111111101111111111111110111111111111111
0111111111111111011111111111111101111111111111110111111111111111
0111111111111111011111111111111101111111111111110111111111111111
0111111111111111011111111111111101111111111111110111111111111111
0111111111111111011111111111111101111111111111110111111111111111
0111111111111111011111111111111101111111111111110111111111111111
0111111111111111011111111111111101111111111111110111111111111111
0111111111111111011111111111111101111111111111110111111111111111
0111111111111111011111111111111101111111111111110111111111111111
0111111111111111011111111111111101111111111111110111111111111111
0111111111111111011111111111111101111111111111110111111111111111
0111111111111111011111111111111101111111111111110111111111111111
0111111111111111011111111111111101111111111111110111111111111111
0111111111111111011111111111111101111111111111110111111111111111
0111111111111111011111111111111101111111111111110111111111111111
0111111111111111011111111111111101111111111111110111111111111111
0111111111111111011111111111111101111111111111110111111111111111
0111111111111111011111111111111101111111111111110111111111111111
0111111111111111011111111111111101111111111111110111111111111111
0111111111111111011111111111111101111111111111110111111111111111
0111111111111111011111111111111101111111111111110111111111111111
0111111111111111011111111111111101111111111111110111111111111111
0111111111111111011111111111111101111111111111110111111111111111
0111111111111111011111111111111101111111111111110111111111111111
0111111111111111011111111111111101111111111111110111111111111111
0111111111111111011111111111111101111111111111110111111111111111
0111111111111111011111111111111101111111111111110111111111111111
0111111111111111011111111111111101111111111111110111111111111111
0111111111111111011111111111111101111111111111110111111111111111
0111111111111111011111111111111101111111111111110111111111111111
0111111111111111011111111111111101111111111111110111111111111111
0111111111111111011111111111111101111111111111110111111111111111
0111111111111111011111111111111101111111111111110111111111111111
0111111111111111011111111111111101111111111111110111111111111111
0111111111111111011111111111111101111111111111110111111111111111
0111111111111111011111111111111101111111111111110111111111111111
0111111111111111011111111111111101111111111111110111111111111111
0111111111111111011111111111111101111111111111110111111111111111
0111111111111111011111111111111101111111111111110111111111111111
0111111111111111011111111111111101111111111111110111111111111111
0111111111111111011111111111111101111111111111110111111111111111
0111111111111111011111111111111101111111111111110111111111111111
0111111111111111011111111111111101111111111111110111111111111111
0111111111111111011111111111111101111111111111110111111111111111
0111111111111111011111111111111101111111111111110111111111111111
0111111111111111011111111111111101111111111111110111111111111111
0111111111111111011111111111111101111111111111110111111111111111
0111111111111111011111111111111101111111111111110111111111111111
0111111111111111011111111111111101111111111111110111111111111111
0111111111111111011111111111111101111111111111110111111111111111
0111111111111111011111111111111101111111111111110111111111111111
0111111111111111011111111111111101111111111111110111111111111111
0111111111111111011111111111111101111111111111110111111111111111
0111111111111111011111111111111101111111111111110111111111111111
0111111111111111011111111111111101111111111111110111111111111111
0111111111111111011111111111111101111111111111110111111111111111
0111111111111111011111111111111101111111111111110111111111111111
0111111111111111011111111111111101111111111111110111111111111111
0111111111111111011111111111111101111111111111110111111111111111
0111111111111111011111111111111101111111111111110111111111111111
0111111111111111011111111111111101111111111111110111111111111111
0111111111111111011111111111111101111111111111110111111111111111
0111111111111111011111111111111101111111111111110111111111111111
0111111111111111011111111111111101111111111111110111111111111111
0111111111111111011111111111111101111111111111110111111111111111
0111111111111111011111111111111101111111111111110111111111111111
0111111111111111011111111111111101111111111111110111111111111111
0111111111111111011111111111111101111111111111110111111111111111
0111111111111111011111111111111101111111111111110111111111111111
0111111111111111011111111111111101111111111111110111111111111111
0111111111111111011111111111111101111111111111110111111111111111
0111111111111111011111111111111101111111111111110111111111111111
0111111111111111011111111111111101111111111111110111111111111111
0111111111111111011111111111111101111111111111110111111111111111
0111111111111111011111111111111101111111111111110111111111111111
0111111111111111011111111111111101111111111111110111111111111111
0111111111111111011111111111111101111111111111110111111111111111
0111111111111111011111111111111101111111111111110111111111111111
0111111111111111011111111111111101111111111111110111111111111111
0111111111111111011111111111111101111111111111110111111111111111
0111111111111111011111111111111101111111111111110111111111111111
0111111111111111011111111111111101111111111111110111111111111111
0111111111111111011111111111111101111111111111110111111111111111
0111111111111111011111111111111101111111111111110111111111111111
0111111111111111011111111111111101111111111111110111111111111111
0111111111111111011111111111111101111111111111110111111111111111
0111111111111111011111111111111101111111111111110111111111111111
0111111111111111011111111111111101111111111111110111111111111111
0111111111111111011111111111111101111111111111110111111111111111
0111111111111111011111111111111101111111111111110111111111111111
0111111111111111011111111111111101111111111111110111111111111111
0111111111111111011111111111111101111111111111110111111111111111
0111111111111111011111111111111101111111111111110111111111111111
0111111111111111011111111111111101111111111111110111111111111111
0111111111111111011111111111111101111111111111110111111111111111
0111111111111111011111111111111101111111111111110111111111111111
0111111111111111011111111111111101111111111111110111111111111111
0111111111111111011111111111111101111111111111110111111111111111
0111111111111111011111111111111101111111111111110111111111111111
0111111111111111011111111111111101111111111111110111111111111111
0111111111111111011111111111111101111111111111110111111111111111
0111111111111111011111111111111101111111111111110111111111111111
0111111111111111011111111111111101111111111111110111111111111111
0111111111111111011111111111111101111111111111110111111111111111
0111111111111111011111111111111101111111111111110111111111111111
0111111111111111011111111111111101111111111111110111111111111111
0111111111111111011111111111111101111111111111110111111111111111
0111111111111111011111111111111101111111111111110111111111111111
0111111111111111011111111111111101111111111111110111111111111111
0111111111111111011111111111111101111111111111110111111111111111
0111111111111111011111111111111101111111111111110111111111111111
0111111111111111011111111111111101111111111111110111111111111111
0111111111111111011111111111111101111111111111110111111111111111
0111111111111111011111111111111101111111111111110111111111111111
0111111111111111011111111111111101111111111111110111111111111111
0111111111111111011111111111111101111111111111110111111111111111
0111111111111111011111111111111101111111111111110111111111111111
0111111111111111011111111111111101111111111111110111111111111111
0111111111111111011111111111111101111111111111110111111111111111
0111111111111111011111111111111101111111111111110111111111111111
0111111111111111011111111111111101111111111111110111111111111111
0111111111111111011111111111111101111111111111110111111111111111
0111111111111111011111111111111101111111111111110111111111111111
0111111111111111011111111111111101111111111111110111111111111111
0111111111111111011111111111111101111111111111110111111111111111
0111111111111111011111111111111101111111111111110111111111111111
0111111111111111011111111111111101111111111111110111111111111111
0111111111111111011111111111111101111111111111110111111111111111
0111111111111111011111111111111101111111111111110111111111111111
0111111111111111011111111111111101111111111111110111111111111111
0111111111111111011111111111111101111111111111110111111111111111
0111111111111111011111111111111101111111111111110111111111111111
0111111111111111011111111111111101111111111111110111111111111111
0111111111111111011111111111111101111111111111110111111111111111
0111111111111111011111111111111101111111111111110111111111111111
0111111111111111011111111111111101111111111111110111111111111111
0111111111111111011111111111111101111111111111110111111111111111
0111111111111111011111111111111101111111111111110111111111111111
0111111111111111011111111111111101111111111111110111111111111111
0111111111111111011111111111111101111111111111110111111111111111
0111111111111111011111111111111101111111111111110111111111111111
0111111111111111011111111111111101111111111111110111111111111111
0111111111111111011111111111111101111111111111110111111111111111
0111111111111111011111111111111101111111111111110111111111111111
0111111111111111011111111111111101111111111111110111111111111111
0111111111111111011111111111111101111111111111110111111111111111
0111111111111111011111111111111101111111111111110111111111111111
0111111111111111011111111111111101111111111111110111111111111111
0111111111111111011111111111111101111111111111110111111111111111
0111111111111111011111111111111101111111111111110111111111111111
0111111111111111011111111111111101111111111111110111111111111111
0111111111111111011111111111111101111111111111110111111111111111
0111111111111111011111111111111101111111111111110111111111111111
0111111111111111011111111111111101111111111111110111111111111111
0111111111111111011111111111111101111111111111110111111111111111
0111111111111111011111111111111101111111111111110111111111111111
0111111111111111011111111111111101111111111111110111111111111111
0111111111111111011111111111111101111111111111110111111111111111
0111111111111111011111111111111101111111111111110111111111111111
0111111111111111011111111111111101111111111111110111111111111111
0111111111111111011111111111111101111111111111110111111111111111
0111111111111111011111111111111101111111111111110111111111111111
0111111111111111011111111111111101111111111111110111111111111111
0111111111111111011111111111111101111111111111110111111111111111
0111111111111111011111111111111101111111111111110111111111111111
0111111111111111011111111111111101111111111111110111111111111111
0111111111111111011111111111111101111111111111110111111111111111
0111111111111111011111111111111101111111111111110111111111111111
0111111111111111011111111111111101111111111111110111111111111111
0111111111111111011111111111111101111111111111110111111111111111
0111111111111111011111111111111101111111111111110111111111111111
0111111111111111011111111111111101111111111111110111111111111111
0111111111111111011111111111111101111111111111110111111111111111
0111111111111111011111111111111101111111111111110111111111111111
0111111111111111011111111111111101111111111111110111111111111111
0111111111111111011111111111111101111111111111110111111111111111
0111111111111111011111111111111101111111111111110111111111111111
0111111111111111011111111111111101111111111111110111111111111111
0111111111111111011111111111111101111111111111110111111111111111
0111111111111111011111111111111101111111111111110111111111111111
0111111111111111011111111111111101111111111111110111111111111111
0111111111111111011111111111111101111111111111110111111111111111
0111111111111111011111111111111101111111111111110111111111111111
0111111111111111011111111111111101111111111111110111111111111111
0111111111111111011111111111111101111111111111110111111111111111
0111111111111111011111111111111101111111111111110111111111111111
0111111111111111011111111111111101111111111111110111111111111111
0111111111111111011111111111111101111111111111110111111111111111
0111111111111111011111111111111101111111111111110111111111111111
0111111111111111011111111111111101111111111111110111111111111111
0111111111111111011111111111111101111111111111110111111111111111
0111111111111111011111111111111101111111111111110111111111111111
0111111111111111011111111111111101111111111111110111111111111111
0111111111111111011111111111111101111111111111110111111111111111
0111111111111111011111111111111101111111111111110111111111111111
0111111111111111011111111111111101111111111111110111111111111111
0111111111111111011111111111111101111111111111110111111111111111
0111111111111111011111111111111101111111111111110111111111111111
0111111111111111011111111111111101111111111111110111111111111111
0111111111111111011111111111111101111111111111110111111111111111
0111111111111111011111111111111101111111111111110111111111111111
0111111111111111011111111111111101111111111111110111111111111111
0111111111111111011111111111111101111111111111110111111111111111
0111111111111111011111111111111101111111111111110111111111111111
0111111111111111011111111111111101111111111111110111111111111111
0111111111111111011111111111111101111111111111110111111111111111
0111111111111111011111111111111101111111111111110111111111111111
0111111111111111011111111111111101111111111111110111111111111111
0111111111111111011111111111111101111111111111110111111111111111
0111111111111111011111111111111101111111111111110111111111111111
0111111111111111011111111111111101111111111111110111111111111111
0111111111111111011111111111111101111111111111110111111111111111
0111111111111111011111111111111101111111111111110111111111111111
0111111111111111011111111111111101111111111111110111111111111111
0111111111111111011111111111111101111111111111110111111111111111
0111111111111111011111111111111101111111111111110111111111111111
0111111111111111011111111111111101111111111111110111111111111111
0111111111111111011111111111111101111111111111110111111111111111
0111111111111111011111111111111101111111111111110111111111111111
0111111111111111011111111111111101111111111111110111111111111111
0111111111111111011111111111111101111111111111110111111111111111
0111111111111111011111111111111101111111111111110111111111111111
0111111111111111011111111111111101111111111111110111111111111111
0111111111111111011111111111111101111111111111110111111111111111
0111111111111111011111111111111101111111111111110111111111111111
0111111111111111011111111111111101111111111111110111111111111111
0111111111111111011111111111111101111111111111110111111111111111
0111111111111111011111111111111101111111111111110111111111111111
0111111111111111011111111111111101111111111111110111111111111111
0111111111111111011111111111111101111111111111110111111111111111
0111111111111111011111111111111101111111111111110111111111111111
0111111111111111011111111111111101111111111111110111111111111111
0111111111111111011111111111111101111111111111110111111111111111
0111111111111111011111111111111101111111111111110111111111111111
0111111111111111000000000000000000000000000000000111111111111111
0111111111111111000000000000000000000000000000000111111111111111
0111111111111111000000000000000000000000000000000111111111111111
0111111111111111000000000000000000000000000000000111111111111111
0111111111111111011111111111111101111111111111110111111111111111
0111111111111111011111111111111101111111111111110111111111111111
0111111111111111011111111111111101111111111111110111111111111111
0111111111111111011111111111111101111111111111110111111111111111
0111111111111111011111111111111101111111111111110111111111111111
0111111111111111011111111111111101111111111111110111111111111111
0111111111111111011111111111111101111111111111110111111111111111
0111111111111111011111111111111101111111111111110111111111111111
0111111111111111011111111111111101111111111111110111111111111111
0111111111111111011111111111111101111111111111110111111111111111
0111111111111111011111111111111101111111111111110111111111111111
0111111111111111011111111111111101111111111111110111111111111111
0111111111111111011111111111111101111111111111110111111111111111
0111111111111111011111111111111101111111111111110111111111111111
0111111111111111011111111111111101111111111111110111111111111111
0111111111111111011111111111111101111111111111110111111111111111
0111111111111111011111111111111101111111111111110111111111111111
0111111111111111011111111111111101111111111111110111111111111111
0111111111111111011111111111111101111111111111110111111111111111
0111111111111111011111111111111101111111111111110111111111111111
0111111111111111011111111111111101111111111111110111111111111111
0111111111111111011111111111111101111111111111110111111111111111
0111111111111111011111111111111101111111111111110111111111111111
0111111111111111011111111111111101111111111111110111111111111111
0111111111111111011111111111111101111111111111110111111111111111
0111111111111111011111111111111101111111111111110111111111111111
0111111111111111011111111111111101111111111111110111111111111111
0111111111111111011111111111111101111111111111110111111111111111
0111111111111111011111111111111101111111111111110111111111111111
0111111111111111011111111111111101111111111111110111111111111111
0111111111111111011111111111111101111111111111110111111111111111
0111111111111111011111111111111101111111111111110111111111111111
0111111111111111011111111111111101111111111111110111111111111111
0111111111111111011111111111111101111111111111110111111111111111
0111111111111111011111111111111101111111111111110111111111111111
0111111111111111011111111111111101111111111111110111111111111111
0111111111111111011111111111111101111111111111110111111111111111
0111111111111111011111111111111101111111111111110111111111111111
0111111111111111011111111111111101111111111111110111111111111111
0111111111111111011111111111111101111111111111110111111111111111
0111111111111111011111111111111101111111111111110111111111111111
0111111111111111011111111111111101111111111111110111111111111111
0111111111111111011111111111111101111111111111110111111111111111
0111111111111111011111111111111101111111111111110111111111111111
0111111111111111011111111111111101111111111111110111111111111111
0111111111111111011111111111111101111111111111110111111111111111
0111111111111111011111111111111101111111111111110111111111111111
0111111111111111011111111111111101111111111111110111111111111111
0111111111111111011111111111111101111111111111110111111111111111
0111111111111111011111111111111101111111111111110111111111111111
0111111111111111011111111111111101111111111111110111111111111111
0111111111111111011111111111111101111111111111110111111111111111
0111111111111111011111111111111101111111111111110111111111111111
0111111111111111011111111111111101111111111111110111111111111111
0111111111111111011111111111111101111111111111110111111111111111
0111111111111111011111111111111101111111111111110111111111111111
0111111111111111011111111111111101111111111111110111111111111111
0111111111111111011111111111111101111111111111110111111111111111
0111111111111111011111111111111101111111111111110111111111111111
0111111111111111011111111111111101111111111111110111111111111111
0111111111111111011111111111111101111111111111110111111111111111
0111111111111111011111111111111101111111111111110111111111111111
0111111111111111011111111111111101111111111111110111111111111111
0111111111111111011111111111111101111111111111110111111111111111
0111111111111111011111111111111101111111111111110111111111111111
0111111111111111011111111111111101111111111111110111111111111111
0111111111111111011111111111111101111111111111110111111111111111
0111111111111111011111111111111101111111111111110111111111111111
0111111111111111011111111111111101111111111111110111111111111111
0111111111111111011111111111111101111111111111110111111111111111
0111111111111111011111111111111101111111111111110111111111111111
0111111111111111011111111111111101111111111111110111111111111111
0111111111111111011111111111111101111111111111110111111111111111
0111111111111111011111111111111101111111111111110111111111111111
0111111111111111011111111111111101111111111111110111111111111111
0111111111111111011111111111111101111111111111110111111111111111
0111111111111111011111111111111101111111111111110111111111111111
0111111111111111011111111111111101111111111111110111111111111111
0111111111111111011111111111111101111111111111110111111111111111
0111111111111111011111111111111101111111111111110111111111111111
0111111111111111011111111111111101111111111111110111111111111111
0111111111111111011111111111111101111111111111110111111111111111
1111111110010101111111111101010011111111101100010000000000000000
0000000001101011000000000010110000000000010011110000000000000000
0111111111111111011111111111111101111111111111110111111111111111
0111111111111111011111111111111101111111111111110111111111111111
0111111111111111011111111111111101111111111111110111111111111111
0111111111111111011111111111111101111111111111110111111111111111
0111111111111111011111111111111101111111111111110111111111111111
0111111111111111011111111111111101111111111111110111111111111111
0111111111111111011111111111111101111111111111110111111111111111
0111111111111111011111111111111101111111111111110111111111111111
0111111111111111011111111111111101111111111111110111111111111111
0111111111111111011111111111111101111111111111110111111111111111
0111111111111111011111111111111101111111111111110111111111111111
0111111111111111011111111111111101111111111111110111111111111111
0111111111111111011111111111111101111111111111110111111111111111
0111111111111111011111111111111101111111111111110111111111111111
1111111110100101111111111100101001111111111111110000000000000000
0000000001011011000000000011011001111111111111110000000000000000
0111111111111111011111111111111101111111111111110111111111111111
0111111111111111011111111111111101111111111111110111111111111111
1111111110011011011111111111111111111111101000110000000000000000
0000000001100101011111111111111100000000010111010000000000000000
0111111111111111011111111111111101111111111111110111111111111111
0111111111111111011111111111111101111111111111110111111111111111
0111111111111111011111111111111101111111111111110111111111111111
0111111111111111011111111111111101111111111111110111111111111111
0111111111111111011111111111111101111111111111110111111111111111
0111111111111111011111111111111101111111111111110111111111111111
0111111111111111011111111111111101111111111111110111111111111111
0111111111111111011111111111111101111111111111110111111111111111
0111111111111111011111111111111101111111111111110111111111111111
0111111111111111011111111111111101111111111111110111111111111111
0111111111111111011111111111111101111111111111110111111111111111
0111111111111111011111111111111101111111111111110111111111111111
0111111111111111011111111111111101111111111111110111111111111111
0111111111111111011111111111111101111111111111110111111111111111
0111111111111111011111111111111101111111111111110111111111111111
0111111111111111011111111111111101111111111111110111111111111111
0111111111111111011111111111111101111111111111110111111111111111
0111111111111111011111111111111101111111111111110111111111111111
0111111111111111011111111111111101111111111111110111111111111111
0111111111111111011111111111111101111111111111110111111111111111
0111111111111111000000001010010000000000000110100000000000000000
0111111111111111111111110101110011111111111001100000000000000000
0111111111111111011111111111111101111111111111110111111111111111
0111111111111111011111111111111101111111111111110111111111111111
0111111111111111011111111111111101111111111111110111111111111111
0111111111111111011111111111111101111111111111110111111111111111
0111111111111111011111111111111101111111111111110111111111111111
0111111111111111011111111111111101111111111111110111111111111111
0111111111111111011111111111111101111111111111110111111111111111
0111111111111111011111111111111101111111111111110111111111111111
0111111111111111000000001100010001111111111111110000000000000000
0111111111111111111111110011110101111111111111110000000000000000
0111111111111111011111111111111100000001000011110000000000000000
0111111111111111011111111111111111111110111100010000000000000000
0111111111111111011111111111111101111111111111110111111111111111
0111111111111111011111111111111101111111111111110111111111111111
0111111111111111011111111111111101111111111111110111111111111111
0111111111111111011111111111111101111111111111110111111111111111
0111111111111111011111111111111101111111111111110111111111111111
0111111111111111011111111111111101111111111111110111111111111111
0111111111111111011111111111111101111111111111110111111111111111
0111111111111111011111111111111101111111111111110111111111111111
0111111111111111011111111111111101111111111111110111111111111111
0111111111111111011111111111111101111111111111110111111111111111
0111111111111111011111111111111101111111111111110111111111111111
0111111111111111011111111111111101111111111111110111111111111111
0111111111111111011111111111111101111111111111110111111111111111
0111111111111111011111111111111101111111111111110111111111111111
0111111111111111011111111111111101111111111111110111111111111111
0111111111111111011111111111111101111111111111110111111111111111
0111111111111111011111111111111101111111111111110111111111111111
0111111111111111011111111111111101111111111111110111111111111111
0111111111111111011111111111111101111111111111110111111111111111
0111111111111111011111111111111101111111111111110111111111111111
0111111111111111011111111111111101111111111111110111111111111111
0000000000000000000000000000000000000000000000000000000000000000
0000000000000000000000000000000000000000000000000111111111111111
0111111111111111011111111111111101111111111111110111111111111111
0111111111111111011111111111111101111111111111110111111111111111
0111111111111111011111111111111101111111111111110111111111111111
0111111111111111011111111111111101111111111111110111111111111111
0111111111111111011111111111111101111111111111110111111111111111
0000000000000000000000000000000001111111111111110111111111111111
0111111111111111011111111111111101111111111111110111111111111111
0000000000000000000000000000000001111111111111110000000000000000
0111111111111111011111111111111101111111111111110111111111111111
0111111111111111011111111111111101111111111111110111111111111111
0000000000000000011111111111111100000000000000000000000000000000
0111111111111111011111111111111101111111111111110111111111111111
0111111111111111011111111111111101111111111111110111111111111111
0111111111111111011111111111111101111111111111110111111111111111
0111111111111111011111111111111101111111111111110111111111111111
0111111111111111011111111111111101111111111111110111111111111111
0111111111111111011111111111111101111111111111110111111111111111
0111111111111111000000000000000000000000000000000000000000000000
0111111111111111011111111111111101111111111111110111111111111111
0111111111111111011111111111111101111111111111110111111111111111
0111111111111111011111111111111101111111111111110111111111111111
0111111111111111000000000000000001111111111111110000000000000000
0111111111111111011111111111111100000000000000000000000000000000
