000000000000000000000000000000000000000000000000000000000000
000000000000000000000000000000000000000000000000000000000000
000000000000000000000000000000000000000000000000000000000000
000000000000000000000000000000000000000000000000000000000000
000000000000000000000000000000000000000000000000000000000000
000000000011101000000000001111000000000000000000000000000000
000000000111001000000000011000000000000000000000000000000000
000000000011101000000000001111000000000000000000000000000000
000000000000000000000000000000000000000000000000000000000000
000000000000000000000000000000000000000000000000000000000000
000000000000000000000000000000000000000000000000000000000000
000000000000000000000000000000000000000000000000000000000000
000000001010011000000000011100000000000000000000000000000000
000000000011000000000000001100000000000000000000000000000000
000000000101011000000000010010000000000000000000000000000000
000000000011001000000000001100000000000000000000000000000000
