000000000000000000000000000000000000000000000000000000000000
000000000000000000000000000000000000000000000000000000000000
000000000000000000000000000000000000000000000000000000000000
000000000000000000000000000000000000000000000000000000000000
000000000000000000000000000000000000000000000000000000000000
000000000000000000000000000000000000000000000000000000000000
000000000000000000000000000000000000000000000000000000000000
000000000000000000000000000000000000000000000000000000000000
000000000000000000000000000000000000000000000000000000000000
000000000000000000000000000000111111110010010000000111010010
000000000000000000000000000000111111110010001000000111010100
000000000000000000000000000000111111110010011000000111010001
000000000000000000000000000000111111110010101000000110011011
000000000000000000000000000000111111110010110000000110011000
000000000000000000000000000000111111110010101000000110011010
000000000000000000000000000000111111110010110000000110010111
