00000000101110111100010101111111111000001000000011101010
00000000101110111100010110111111111000100100000011011000
00000000101110111100010111101111110111011100000011101011
00000000101111111100011001101111110111010000000011100000
00000000101111111100011001101111110111010000000011100000
00000000101110111100010111101111110111011100000011101011
00000000101110111100010110111111111000100100000011011000
00000000101110111100010101111111111000001000000011101010
01111111111111111011111000111111111010100000000101001110
01111111111111111011111100011111111101010100000011100110
01111111111111111100000000001111110110110100000101010001
01111111111111111100001100001111110100110000000100010000
01111111111111111100001100001111110100110000000100010000
01111111111111111100000000001111110110110100000101010001
01111111111111111011111100011111111101010100000011100110
01111111111111111011111000111111111010100000000101001110
11110001100000011111111111110000000111010000000011110001
11110001100001011111111111110000000111100100000011101000
11110001100100011111111111110000000110101000000011110100
11110001101000011111111111110000000110100000000011101010
11110001101000011111111111110000000110100000000011101010
11110001100100011111111111110000000110101000000011110100
11110001100001011111111111110000000111100100000011101000
11110001100000011111111111110000000111010000000011110001
11110011100000111111100011010111111111111100000100100001
11110011100000111111100100100111111111111100000100010111
11110011100100111111100001110111111111111100000100100001
11110011101011111111100000000111111111111100000100011011
11110011101011111111100000000111111111111100000100011011
11110011100100111111100001110111111111111100000100100001
11110011100000111111100100100111111111111100000100010111
11110011100000111111100011010111111111111100000100100001
11110001010101111111100001110000001110100101111111111111
11110001011000111111100011000000001101110101111111111111
11110001011010111111100000000000001110101001111111111111
11110001100000111111011111010000001110001101111111111111
11110001100000111111011111010000001110001101111111111111
11110001011010111111100000000000001110101001111111111111
11110001011000111111100011000000001101110101111111111111
11110001010101111111100001110000001110100101111111111111
11110000010110111111100000100000001111110100000101111000
11110000011100111111100011100000001101111100000101111101
11110000100001111111011100000000001111111100000101111100
11110000101111111111011010010000001110110000000110000010
11110000101111111111011010010000001110110000000110000010
11110000100001111111011100000000001111111100000101111100
11110000011100111111100011100000001101111100000101111101
11110000010110111111100000100000001111110100000101111000
01111111111111111100010110100000001111001100000100000111
01111111111111111100010110110000001110000000000100001010
01111111111111111100011000100000001111101000000100001010
01111111111111111100011010110000001110010100000100010010
01111111111111111100011010110000001110010100000100010010
01111111111111111100011000100000001111101000000100001010
01111111111111111100010110110000001110000000000100001010
01111111111111111100010110100000001111001100000100000111
11110011011100011111111111110000010010010100000100101010
11110011011011011111111111110000010000111100000100101111
11110011100100011111111111110000010010010000000100101100
11110011110011011111111111110000010001100100000100110010
11110011110011011111111111110000010001100100000100110010
11110011100100011111111111110000010010010000000100101100
11110011011011011111111111110000010000111100000100101111
11110011011100011111111111110000010010010100000100101010
11110001101100000000111010100111111111111100000101100100
11110001110011000000110010010111111111111100000101101010
11110001111000000000111011000111111111111100000101100111
11110010001000000000110101110111111111111100000101101101
11110010001000000000110101110111111111111100000101101101
11110001111000000000111011000111111111111100000101100111
11110001110011000000110010010111111111111100000101101010
11110001101100000000111010100111111111111100000101100100
11110010110000111111111001100111111111111100000110101101
11110010101001000000000010110111111111111100000101110111
11110011000001111111110011100111111111111100000110110001
11110011110111111111100101100111111111111100000110010110
11110011110111111111100101100111111111111100000110010110
11110011000001111111110011100111111111111100000110110001
11110010101001000000000010110111111111111100000101110111
11110010110000111111111001100111111111111100000110101101
01111111111111111100000110011111111110110100000110010001
01111111111111111100001010000000000001111000000100110011
01111111111111111100001101101111111011111000000110011100
01111111111111111100011101101111111001100000000101100000
01111111111111111100011101101111111001100000000101100000
01111111111111111100001101101111111011111000000110011100
01111111111111111100001010000000000001111000000100110011
01111111111111111100000110011111111110110100000110010001
11110000111110011111111111110000001101110000000101011011
11110000111101011111111111110000010000000000000100101011
11110001010001011111111111110000001010101100000101110010
11110001101110011111111111110000001001110100000100111110
11110001101110011111111111110000001001110100000100111110
11110001010001011111111111110000001010101100000101110010
11110000111101011111111111110000010000000000000100101011
11110000111110011111111111110000001101110000000101011011
11110000011011000000111111100000010111100001111111111111
11110000100000000000111001000000010111110101111111111111
11110000100100000000111111110000010111101101111111111111
11110000110000000000111011110000011000000101111111111111
11110000110000000000111011110000011000000101111111111111
11110000100100000000111111110000010111101101111111111111
11110000100000000000111001000000010111110101111111111111
11110000011011000000111111100000010111100001111111111111
11110000011001111111111100110000011000111001111111111111
11110000100100000000000101110000010100100101111111111111
11110000101111111111110011110000011001011101111111111111
11110001011110111111101100110000010110101001111111111111
11110001011110111111101100110000010110101001111111111111
11110000101111111111110011110000011001011101111111111111
11110000100100000000000101110000010100100101111111111111
11110000011001111111111100110000011000111001111111111111
01111111111111111100001111110000010101101001111111111111
01111111111111111100001111100000010011011101111111111111
01111111111111111100010011010000010110101101111111111111
01111111111111111100011000110000010100010101111111111111
01111111111111111100011000110000010100010101111111111111
01111111111111111100010011010000010110101101111111111111
01111111111111111100001111100000010011011101111111111111
01111111111111111100001111110000010101101001111111111111
11110010110100011111111111110000011010110001111111111111
11110010101111011111111111110000011000010101111111111111
11110011000000011111111111110000011010111101111111111111
11110011101001011111111111110000011001101101111111111111
11110011101001011111111111110000011001101101111111111111
11110011000000011111111111110000011010111101111111111111
11110010101111011111111111110000011000010101111111111111
11110010110100011111111111110000011010110001111111111111
11110000011110000001100011100111111111111101111111111111
11110000100110000001010111000111111111111101111111111111
11110000101110000001100101010111111111111101111111111111
11110001010001000001011101000111111111111101111111111111
11110001010001000001011101000111111111111101111111111111
11110000101110000001100101010111111111111101111111111111
11110000100110000001010111000111111111111101111111111111
11110000011110000001100011100111111111111101111111111111
01111111111111011111111111110111111111111101111111111111
01111111111111011111111111110111111111111101111111111111
01111111111111011111111111110111111111111101111111111111
01111111111111011111111111110111111111111101111111111111
01111111111111011111111111110111111111111101111111111111
01111111111111011111111111110111111111111101111111111111
01111111111111011111111111110111111111111101111111111111
01111111111111011111111111110111111111111101111111111111
01111111111111011111111111110111111111111101111111111111
01111111111111011111111111110111111111111101111111111111
01111111111111011111111111110111111111111101111111111111
01111111111111011111111111110111111111111101111111111111
01111111111111011111111111110111111111111101111111111111
01111111111111011111111111110111111111111101111111111111
01111111111111011111111111110111111111111101111111111111
01111111111111011111111111110111111111111101111111111111
01111111111111011111111111110111111111111101111111111111
01111111111111011111111111110111111111111101111111111111
01111111111111011111111111110111111111111101111111111111
01111111111111011111111111110111111111111101111111111111
01111111111111011111111111110111111111111101111111111111
01111111111111011111111111110111111111111101111111111111
01111111111111011111111111110111111111111101111111111111
01111111111111011111111111110111111111111101111111111111
01111111111111011111111111110111111111111101111111111111
01111111111111011111111111110111111111111101111111111111
01111111111111011111111111110111111111111101111111111111
01111111111111011111111111110111111111111101111111111111
01111111111111011111111111110111111111111101111111111111
01111111111111011111111111110111111111111101111111111111
01111111111111011111111111110111111111111101111111111111
01111111111111011111111111110111111111111101111111111111
01111111111111011111111111110111111111111101111111111111
01111111111111011111111111110111111111111101111111111111
01111111111111011111111111110111111111111101111111111111
01111111111111011111111111110111111111111101111111111111
01111111111111011111111111110111111111111101111111111111
01111111111111011111111111110111111111111101111111111111
01111111111111011111111111110111111111111101111111111111
01111111111111011111111111110111111111111101111111111111
01111111111111011111111111110111111111111101111111111111
01111111111111011111111111110111111111111101111111111111
01111111111111011111111111110111111111111101111111111111
01111111111111011111111111110111111111111101111111111111
01111111111111011111111111110111111111111101111111111111
01111111111111011111111111110111111111111101111111111111
01111111111111011111111111110111111111111101111111111111
01111111111111011111111111110111111111111101111111111111
01111111111111011111111111110111111111111101111111111111
01111111111111011111111111110111111111111101111111111111
01111111111111011111111111110111111111111101111111111111
01111111111111011111111111110111111111111101111111111111
01111111111111011111111111110111111111111101111111111111
01111111111111011111111111110111111111111101111111111111
01111111111111011111111111110111111111111101111111111111
01111111111111011111111111110111111111111101111111111111
01111111111111011111111111110111111111111101111111111111
01111111111111011111111111110111111111111101111111111111
01111111111111011111111111110111111111111101111111111111
01111111111111011111111111110111111111111101111111111111
01111111111111011111111111110111111111111101111111111111
01111111111111011111111111110111111111111101111111111111
01111111111111011111111111110111111111111101111111111111
01111111111111011111111111110111111111111101111111111111
01111111111111011111111111110111111111111101111111111111
01111111111111011111111111110111111111111101111111111111
01111111111111011111111111110111111111111101111111111111
01111111111111011111111111110111111111111101111111111111
01111111111111011111111111110111111111111101111111111111
01111111111111011111111111110111111111111101111111111111
01111111111111011111111111110111111111111101111111111111
01111111111111011111111111110111111111111101111111111111
01111111111111011111111111110111111111111101111111111111
01111111111111011111111111110111111111111101111111111111
01111111111111011111111111110111111111111101111111111111
01111111111111011111111111110111111111111101111111111111
01111111111111011111111111110111111111111101111111111111
01111111111111011111111111110111111111111101111111111111
01111111111111011111111111110111111111111101111111111111
01111111111111011111111111110111111111111101111111111111
01111111111111011111111111110111111111111101111111111111
01111111111111011111111111110111111111111101111111111111
01111111111111011111111111110111111111111101111111111111
01111111111111011111111111110111111111111101111111111111
01111111111111011111111111110111111111111101111111111111
01111111111111011111111111110111111111111101111111111111
01111111111111011111111111110111111111111101111111111111
01111111111111011111111111110111111111111101111111111111
01111111111111011111111111110111111111111101111111111111
01111111111111011111111111110111111111111101111111111111
01111111111111011111111111110111111111111101111111111111
01111111111111011111111111110111111111111101111111111111
01111111111111011111111111110111111111111101111111111111
01111111111111011111111111110111111111111101111111111111
01111111111111011111111111110111111111111101111111111111
01111111111111011111111111110111111111111101111111111111
00000000111000000000000001011110111111010111111110100101
00000000111000000000000001011110111111111011111110010010
00000000111000000000000001011110111111111011111110010010
00000000111000000000000001011110111111010111111110100101
00000000101001111011110111010111111111111100000010101011
00000000101010111011111000110111111111111100000010011011
00000000101010111011111000110111111111111100000010011011
00000000101001111011110111010111111111111100000010101011
00000000110001111011001001101111110100110000000100100000
00000000110001111011001010111111110100001100000100100010
00000000110001111011001010111111110100001100000100100010
00000000110001111011001001101111110100110000000100100000
11101111011011111111010100010111111111111100000101011111
11101111100000111111010010100111111111111100000101100001
11101111100000111111010010100111111111111100000101100001
11101111011011111111010100010111111111111100000101011111
00000000111001011111111111111111000000011011111110110001
00000000111001011111111111111111000001000111111110100000
00000000111001011111111111111111000001000111111110100000
00000000111001011111111111111111000000011011111110110001
00000000101100111100000010110111111111111100000011001100
00000000101101111100000100110111111111111100000010111101
00000000101101111100000100110111111111111100000010111101
00000000101100111100000010110111111111111100000011001100
11110010010010011111111111110111111111111100000100001101
11110010010101011111111111110111111111111100000100000101
11110010010101011111111111110111111111111100000100000101
11110010010010011111111111110111111111111100000100001101
00000000111001111100000001101111111010111101111111111111
00000000111001111100000011101111111010001101111111111111
00000000111001111100000011101111111010001101111111111111
00000000111001111100000001101111111010111101111111111111
11110000001101011111111111110000001100110101111111111111
11110000010010011111111111110000001100001101111111111111
11110000010010011111111111110000001100001101111111111111
11110000001101011111111111110000001100110101111111111111
11110000000100111111101101100111111111111101111111111111
11110000001010111111101011010111111111111101111111111111
11110000001010111111101011010111111111111101111111111111
11110000000100111111101101100111111111111101111111111111
01111111111111000000000101001110111101000100000000111111
01111111111111000000000110011111000000101011111111001111
01111111111111000000000110011111000000101011111111001111
01111111111111000000000101001110111101000100000000111111
11101101001111111111010100100000010000010100000110101000
11101101011010111111001111110000010000101000000110101011
11101101011010111111001111110000010000101000000110101011
11101101001111111111010100100000010000010100000110101000
01111111111111111011111010110000001111110100000100011101
01111111111111111011111100110000010000000100000100100000
01111111111111111011111100110000010000000100000100100000
01111111111111111011111010110000001111110100000100011101
11110000011011011111111111110000010100010000000101011000
11110000100111011111111111110000010100011100000101011010
11110000100111011111111111110000010100011100000101011010
11110000011011011111111111110000010100010000000101011000
01111111111111111011001111111111111011100000000110011000
01111111111111111011010011111111111001110100000110100001
01111111111111111011010011111111111001110100000110100001
01111111111111111011001111111111111011100000000110011000
11101111001101011111111111110000001110000000000101100110
11101111011001011111111111110000001100011100000101101101
11101111011001011111111111110000001100011100000101101101
11101111001101011111111111110000001110000000000101100110
01111111111111011111111111111111001000110000000100011101
01111111111111011111111111111111001001001000000100100011
01111111111111011111111111111111001001001000000100100011
01111111111111011111111111111111001000110000000100011101
11101111101010111111101101010111111111111100000111001101
11101111111101111111100110010111111111111100000111010011
11101111111101111111100110010111111111111100000111010011
11101111101010111111101101010111111111111100000111001101
01111111111111111100001001000111111111111100000101011001
01111111111111111100001100100111111111111100000101100000
01111111111111111100001100100111111111111100000101100000
01111111111111111100001001000111111111111100000101011001
11101110011100000000111100110111111111111100000110011100
11101110100110000000111101110111111111111100000110011110
11101110100110000000111101110111111111111100000110011110
11101110011100000000111100110111111111111100000110011100
11110001001000011111111111110111111111111100000110101101
11110001011100011111111111110111111111111100000110110001
11110001011100011111111111110111111111111100000110110001
11110001001000011111111111110111111111111100000110101101
01111111111111011111111111111111000001010000000001111001
01111111111111011111111111111111000101110100000000011000
01111111111111011111111111111111000101110100000000011000
01111111111111011111111111111111000001010000000001111001
01111111111111111100000011100111111111111100000110001011
01111111111111111100001111000111111111111100000100111010
01111111111111111100001111000111111111111100000100111010
01111111111111111100000011100111111111111100000110001011
11110010011110011111111111110111111111111100000110100111
11110010110001011111111111110111111111111100000101111001
11110010110001011111111111110111111111111100000101111001
11110010011110011111111111110111111111111100000110100111
11101101010011000001000010000000011010100001111111111111
11101101011100000001000011000000011010101101111111111111
11101101011100000001000011000000011010101101111111111111
11101101010011000001000010000000011010100001111111111111
11101100111110111111110000000000011001100101111111111111
11101101001100111111101010000000011010000001111111111111
11101101001100111111101010000000011010000001111111111111
11101100111110111111110000000000011001100101111111111111
01111111111111111011110011110000010110011001111111111111
01111111111111111011110110010000010110110001111111111111
01111111111111111011110110010000010110110001111111111111
01111111111111111011110011110000010110011001111111111111
11101111101101011111111111110000011100111101111111111111
11101111111101011111111111110000011101010001111111111111
11101111111101011111111111110000011101010001111111111111
11101111101101011111111111110000011100111101111111111111
01111111111111111100000101110000000111010001111111111111
01111111111111111100010011010000000010110001111111111111
01111111111111111100010011010000000010110001111111111111
01111111111111111100000101110000000111010001111111111111
11110000010001011111111111110000011000101001111111111111
11110000110010011111111111110000010100111101111111111111
11110000110010011111111111110000010100111101111111111111
11110000010001011111111111110000011000101001111111111111
01111111111111011111111111111111001001111101111111111111
01111111111111011111111111111111001010110101111111111111
01111111111111011111111111111111001010110101111111111111
01111111111111011111111111111111001001111101111111111111
11110000010110000000011110010111111111111101111111111111
11110000111110000000010001000111111111111101111111111111
11110000111110000000010001000111111111111101111111111111
11110000010110000000011110010111111111111101111111111111
01111111111111111100000100110111111111111101111111111111
01111111111111111100001010110111111111111101111111111111
01111111111111111100001010110111111111111101111111111111
01111111111111111100000100110111111111111101111111111111
11110000011010011111111111110111111111111101111111111111
11110000110110011111111111110111111111111101111111111111
11110000110110011111111111110111111111111101111111111111
11110000011010011111111111110111111111111101111111111111
01111111111111011111111111110111111111111101111111111111
01111111111111011111111111110111111111111101111111111111
01111111111111011111111111110111111111111101111111111111
01111111111111011111111111110111111111111101111111111111
01111111111111011111111111110111111111111101111111111111
01111111111111011111111111110111111111111101111111111111
01111111111111011111111111110111111111111101111111111111
01111111111111011111111111110111111111111101111111111111
01111111111111011111111111110111111111111101111111111111
01111111111111011111111111110111111111111101111111111111
01111111111111011111111111110111111111111101111111111111
01111111111111011111111111110111111111111101111111111111
01111111111111011111111111110111111111111101111111111111
01111111111111011111111111110111111111111101111111111111
01111111111111011111111111110111111111111101111111111111
01111111111111011111111111110111111111111101111111111111
01111111111111011111111111110111111111111101111111111111
01111111111111011111111111110111111111111101111111111111
01111111111111011111111111110111111111111101111111111111
01111111111111011111111111110111111111111101111111111111
01111111111111011111111111110111111111111101111111111111
01111111111111011111111111110111111111111101111111111111
01111111111111011111111111110111111111111101111111111111
01111111111111011111111111110111111111111101111111111111
01111111111111011111111111110111111111111101111111111111
01111111111111011111111111110111111111111101111111111111
01111111111111011111111111110111111111111101111111111111
01111111111111011111111111110111111111111101111111111111
01111111111111011111111111110111111111111101111111111111
01111111111111011111111111110111111111111101111111111111
01111111111111011111111111110111111111111101111111111111
01111111111111011111111111110111111111111101111111111111
01111111111111011111111111110111111111111101111111111111
01111111111111011111111111110111111111111101111111111111
01111111111111011111111111110111111111111101111111111111
01111111111111011111111111110111111111111101111111111111
01111111111111011111111111110111111111111101111111111111
01111111111111011111111111110111111111111101111111111111
01111111111111011111111111110111111111111101111111111111
01111111111111011111111111110111111111111101111111111111
01111111111111011111111111110111111111111101111111111111
01111111111111011111111111110111111111111101111111111111
01111111111111011111111111110111111111111101111111111111
01111111111111011111111111110111111111111101111111111111
01111111111111011111111111110111111111111101111111111111
01111111111111011111111111110111111111111101111111111111
01111111111111011111111111110111111111111101111111111111
01111111111111011111111111110111111111111101111111111111
01111111111111011111111111110111111111111101111111111111
01111111111111011111111111110111111111111101111111111111
01111111111111011111111111110111111111111101111111111111
01111111111111011111111111110111111111111101111111111111
01111111111111011111111111110111111111111101111111111111
01111111111111011111111111110111111111111101111111111111
01111111111111011111111111110111111111111101111111111111
01111111111111011111111111110111111111111101111111111111
01111111111111011111111111110111111111111101111111111111
01111111111111011111111111110111111111111101111111111111
01111111111111011111111111110111111111111101111111111111
01111111111111011111111111110111111111111101111111111111
01111111111111011111111111110111111111111101111111111111
01111111111111011111111111110111111111111101111111111111
01111111111111011111111111110111111111111101111111111111
01111111111111011111111111110111111111111101111111111111
01111111111111011111111111110111111111111101111111111111
01111111111111011111111111110111111111111101111111111111
01111111111111011111111111110111111111111101111111111111
01111111111111011111111111110111111111111101111111111111
01111111111111011111111111110111111111111101111111111111
01111111111111011111111111110111111111111101111111111111
01111111111111011111111111110111111111111101111111111111
01111111111111011111111111110111111111111101111111111111
01111111111111011111111111110111111111111101111111111111
01111111111111011111111111110111111111111101111111111111
01111111111111011111111111110111111111111101111111111111
01111111111111011111111111110111111111111101111111111111
01111111111111011111111111110111111111111101111111111111
01111111111111011111111111110111111111111101111111111111
01111111111111011111111111110111111111111101111111111111
01111111111111011111111111110111111111111101111111111111
01111111111111011111111111110111111111111101111111111111
01111111111111011111111111110111111111111101111111111111
01111111111111011111111111110111111111111101111111111111
01111111111111011111111111110111111111111101111111111111
01111111111111011111111111110111111111111101111111111111
01111111111111011111111111110111111111111101111111111111
01111111111111011111111111110111111111111101111111111111
01111111111111011111111111110111111111111101111111111111
01111111111111011111111111110111111111111101111111111111
01111111111111011111111111110111111111111101111111111111
01111111111111011111111111110111111111111101111111111111
01111111111111011111111111110111111111111101111111111111
01111111111111011111111111110111111111111101111111111111
01111111111111011111111111110111111111111101111111111111
01111111111111011111111111110111111111111101111111111111
01111111111111011111111111110111111111111101111111111111
01111111111111011111111111110111111111111101111111111111
01111111111111011111111111110111111111111101111111111111
01111111111111011111111111110111111111111101111111111111
01111111111111011111111111110111111111111101111111111111
01111111111111011111111111110111111111111101111111111111
01111111111111011111111111110111111111111101111111111111
01111111111111011111111111110111111111111101111111111111
01111111111111011111111111110111111111111101111111111111
01111111111111011111111111110111111111111101111111111111
01111111111111011111111111110111111111111101111111111111
01111111111111011111111111110111111111111101111111111111
01111111111111011111111111110111111111111101111111111111
01111111111111011111111111110111111111111101111111111111
01111111111111011111111111110111111111111101111111111111
01111111111111011111111111110111111111111101111111111111
01111111111111011111111111110111111111111101111111111111
01111111111111011111111111110111111111111101111111111111
01111111111111011111111111110111111111111101111111111111
01111111111111011111111111110111111111111101111111111111
01111111111111011111111111110111111111111101111111111111
01111111111111011111111111110111111111111101111111111111
01111111111111011111111111110111111111111101111111111111
01111111111111011111111111110111111111111101111111111111
01111111111111011111111111110111111111111101111111111111
01111111111111011111111111110111111111111101111111111111
01111111111111011111111111110111111111111101111111111111
01111111111111011111111111110111111111111101111111111111
01111111111111011111111111110111111111111101111111111111
01111111111111011111111111110111111111111101111111111111
01111111111111011111111111110111111111111101111111111111
01111111111111011111111111110111111111111101111111111111
01111111111111011111111111110111111111111101111111111111
01111111111111011111111111110111111111111101111111111111
01111111111111011111111111110111111111111101111111111111
01111111111111011111111111110111111111111101111111111111
01111111111111011111111111110111111111111101111111111111
01111111111111011111111111110111111111111101111111111111
01111111111111011111111111110111111111111101111111111111
01111111111111011111111111110111111111111101111111111111
01111111111111011111111111110111111111111101111111111111
00000000110101000000000100101111111000100111111101010011
00000000110101000000000100101111111000100111111101010011
00000000111111111111110110100111111111111111101111101100
00000000111111111111110110100111111111111111101111101100
00000000111111111111110110111110111110101001111111111111
00000000111111111111110110111110111110101001111111111111
00000000111001011111111111111111111000111111111101111111
00000000111001011111111111111111111000111111111101111111
00000000100101011111111111111110100000010111111110110000
00000000100101011111111111111110100000010111111110110000
01111111111111111010100100000111111111111100000110110100
01111111111111111010100100000111111111111100000110110100
01111111111111011111111111111111111001000000000000110100
01111111111111011111111111111111111001000000000000110100
00000000110111011111111111110111111111111111101100001011
00000000110111011111111111110111111111111111101100001011
00000000110111011111111111111110110000101001111111111111
00000000110111011111111111111110110000101001111111111111
00000000110111111011000010100111111111111101111111111111
00000000110111111011000010100111111111111101111111111111
11101100001010011111111111110111111111111101111111111111
11101100001010011111111111110111111111111101111111111111
01111111111111000000001001101111111000001011111111000100
01111111111111000000001001101111111000001011111111000100
01111111111111111111111010110111111111111111110001010011
01111111111111111111111010110111111111111111110001010011
01111111111111111111111011011111000100100101111111111111
01111111111111111111111011011111000100100101111111111111
01111111111111111100010000100111111111111101111111111111
01111111111111111100010000100111111111111101111111111111
11101000101001111111000001110000010011000100000111111010
11101000101001111111000001110000010011000100000111111010
01111111111111111010011011010000010011110000000101101010
01111111111111111010011011010000010011110000000101101010
01111111111111111010000010011111110111000100000111010111
01111111111111111010000010011111110111000100000111010111
11101000111011011111111111110000001110110100000110110110
11101000111011011111111111110000001110110100000110110110
01111111111111011111111111111110110001000100000101100101
01111111111111011111111111111110110001000100000101100101
01111111111111011111111111111110100110111000000000001110
01111111111111011111111111111110100110111000000000001110
11101001101010111111010101110111111111111100001000111101
11101001101010111111010101110111111111111100001000111101
01111111111111111010011000010111111111111100000110011000
01111111111111111010011000010111111111111100000110011000
11101100010110011111111111110111111111111100000111011011
11101100010110011111111111110111111111111100000111011011
01111111111111011111111111110111111111111111101110000000
01111111111111011111111111110111111111111111101110000000
01111111111111111010011011100000000000111001111111111111
01111111111111111010011011100000000000111001111111111111
11101001100010011111111111110000011001101101111111111111
11101001100010011111111111110000011001101101111111111111
01111111111111011111111111111110110001011101111111111111
01111111111111011111111111111110110001011101111111111111
01111111111111011111111111110111111111111101111111111111
01111111111111011111111111110111111111111101111111111111
01111111111111011111111111110111111111111101111111111111
01111111111111011111111111110111111111111101111111111111
01111111111111011111111111110111111111111101111111111111
01111111111111011111111111110111111111111101111111111111
01111111111111011111111111110111111111111101111111111111
01111111111111011111111111110111111111111101111111111111
01111111111111011111111111110111111111111101111111111111
01111111111111011111111111110111111111111101111111111111
01111111111111011111111111110111111111111101111111111111
01111111111111011111111111110111111111111101111111111111
01111111111111011111111111110111111111111101111111111111
01111111111111011111111111110111111111111101111111111111
01111111111111011111111111110111111111111101111111111111
01111111111111011111111111110111111111111101111111111111
01111111111111011111111111110111111111111101111111111111
01111111111111011111111111110111111111111101111111111111
01111111111111011111111111110111111111111101111111111111
01111111111111011111111111110111111111111101111111111111
01111111111111011111111111110111111111111101111111111111
01111111111111011111111111110111111111111101111111111111
01111111111111011111111111110111111111111101111111111111
01111111111111011111111111110111111111111101111111111111
01111111111111011111111111110111111111111101111111111111
01111111111111011111111111110111111111111101111111111111
01111111111111011111111111110111111111111101111111111111
01111111111111011111111111110111111111111101111111111111
01111111111111011111111111110111111111111101111111111111
01111111111111011111111111110111111111111101111111111111
01111111111111011111111111110111111111111101111111111111
01111111111111011111111111110111111111111101111111111111
01111111111111011111111111110111111111111101111111111111
01111111111111011111111111110111111111111101111111111111
01111111111111011111111111110111111111111101111111111111
01111111111111011111111111110111111111111101111111111111
01111111111111011111111111110111111111111101111111111111
01111111111111011111111111110111111111111101111111111111
01111111111111011111111111110111111111111101111111111111
01111111111111011111111111110111111111111101111111111111
01111111111111011111111111110111111111111101111111111111
01111111111111011111111111110111111111111101111111111111
01111111111111011111111111110111111111111101111111111111
01111111111111011111111111110111111111111101111111111111
01111111111111011111111111110111111111111101111111111111
01111111111111011111111111110111111111111101111111111111
01111111111111011111111111110111111111111101111111111111
01111111111111011111111111110111111111111101111111111111
01111111111111011111111111110111111111111101111111111111
01111111111111011111111111110111111111111101111111111111
01111111111111011111111111110111111111111101111111111111
01111111111111011111111111110111111111111101111111111111
01111111111111011111111111110111111111111101111111111111
01111111111111011111111111110111111111111101111111111111
01111111111111011111111111110111111111111101111111111111
01111111111111011111111111110111111111111101111111111111
01111111111111011111111111110111111111111101111111111111
01111111111111011111111111110111111111111101111111111111
01111111111111011111111111110111111111111101111111111111
01111111111111011111111111110111111111111101111111111111
01111111111111011111111111110111111111111101111111111111
01111111111111011111111111110111111111111101111111111111
00000000100011000000001000001111111111100111111110011101
00000000110011000000000011001111110111110001111111111111
00000000100011000000000111110111111111111111111110011000
00000000101101111111010001100111111111111101111111111111
00000000101100011111111111110000000000010011111110100010
00000000110110011111111111111111111000001101111111111111
00000000101101011111111111110111111111111111111110100101
11111011010001011111111111110111111111111100001100001111
01111111111111000000001100100000000000010011111110010100
01111111111111000000001001001111110111111001111111111111
01111111111111000000001101000111111111111111111110010111
01111111111111011111111111110000000001110111111110011010
01111111111111110100010101001111111100100000010010110001
01111111111111011111111111111100111100001000001110001110
01111111111111110100001011110000010011101001111111111111
01111111111111011111111111110111111111111101111111111111
01111111111111011111111111110111111111111101111111111111
01111111111111011111111111110111111111111101111111111111
01111111111111011111111111110111111111111101111111111111
01111111111111011111111111110111111111111101111111111111
01111111111111110100001111000111111111111100010010100110
01111111111111011111111111110111111111111101111111111111
01111111111111011111111111110111111111111101111111111111
01111111111111011111111111110111111111111101111111111111
01111111111111011111111111110111111111111101111111111111
01111111111111011111111111110111111111111101111111111111
01111111111111011111111111110111111111111101111111111111
01111111111111011111111111110111111111111101111111111111
01111111111111011111111111110111111111111101111111111111
01111111111111011111111111110111111111111101111111111111
01111111111111011111111111110111111111111101111111111111
01111111111111011111111111110111111111111101111111111111
01111111111111011111111111110111111111111101111111111111
01111111111111011111111111110111111111111101111111111111
01111111111111011111111111110111111111111101111111111111
01111111111111011111111111110111111111111101111111111111
01111111111111011111111111110111111111111101111111111111
01111111111111011111111111110111111111111101111111111111
01111111111111011111111111110111111111111101111111111111
01111111111111011111111111110111111111111101111111111111
01111111111111011111111111110111111111111101111111111111
01111111111111011111111111110111111111111101111111111111
01111111111111011111111111110111111111111101111111111111
01111111111111011111111111110111111111111101111111111111
01111111111111011111111111110111111111111101111111111111
01111111111111011111111111110111111111111101111111111111
