000000000000000000000000000000000000000000000000000000000000
000000000000000000000000000000000000000000000000000000000000
000000000000000000000000000000000000000000000000000000000000
000000000000000000000000000000000000000000000000000000000000
000000000000000000000000000000000000000000000000000000000000
000000000000000000000000000000000000000000000000000000000000
000000000000000000000000000000000000000000000000000000000000
000000000000000000000000000000000000000000000000000000000000
000000000000000000000000000000000000000000000000000000000000
000000000101101000000000011010000000000000000000000000000000
000000000110110000000000011011000000000000000000000000000000
000000000101100000000000011000000000000000000000000000000000
000000000101101000000000010110000000000000000000000000000000
000000000100011000000000010011000000000000000000000000000000
000000000110011000000000010111000000000000000000000000000000
000000000100011000000000010010000000000000000000000000000000
