000000000000000000000000000000000000000000000000000000000000
000000000000000000000000000000000000000000000000000000000000
000000000000000000000000000000000000000000000000000000000000
000000000111110000000000100000000000000000000000000000000000
000000000000000000000000000000000000000000000000000000000000
000000000000000000000000000000000000000000000000000000000000
000000000110111000000000011101000000000000000000000000000000
000000000101010000000000010110000000000000000000000000000000
000000000000000000000000000000000000000000000000000000000000
000000000000000000000000000000000000000000000000000000000000
000000001000010000000000100011000000000000000000000000000000
000000000110000000000000011001000000000000000000000000000000
000000000000000000000000000000000000000000000000000000000000
000000000000000000000000000000000000000000000000000000000000
000000000101100000000000011000000000000000000000000000000000
000000000100011000000000010010000000000000000000000000000000
