1111111011111101000000000000000000000000000000000000000000000000
1111111100000011000000000000000000000000000000000000000000000000
1111111100001000000000000000000000000000000000000000000000000000
1111111100000111000000000000000000000000000000000000000000000000
1111111100000111000000000000000000000000000000000000000000000000
1111111100001000000000000000000000000000000000000000000000000000
1111111100000011000000000000000000000000000000000000000000000000
1111111011111101000000000000000000000000000000000000000000000000
0111111111111111000000000000000100000000000000000000000000000000
0111111111111111000000000000000000000000000000000000000000000000
0111111111111111000000000000000000000000000000000000000000000000
0111111111111111000000000000000000000000000000000000000000000000
0111111111111111000000000000000000000000000000000000000000000000
0111111111111111000000000000000000000000000000000000000000000000
0111111111111111000000000000000000000000000000000000000000000000
0111111111111111000000000000000100000000000000000000000000000000
0000000000000000011111111111111100000000000000000000000000000000
0000000000000000011111111111111100000000000000000000000000000000
0000000000000000011111111111111100000000000000000000000000000000
0000000000000000011111111111111100000000000000000000000000000000
0000000000000000011111111111111100000000000000000000000000000000
0000000000000000011111111111111100000000000000000000000000000000
0000000000000000011111111111111100000000000000000000000000000000
0000000000000000011111111111111100000000000000000000000000000000
0000000000000000000000000000000001111111111111110000000000000000
0000000000000000000000000000000001111111111111110000000000000000
0000000000000000000000000000000001111111111111110000000000000000
0000000000000000000000000000000001111111111111110000000000000000
0000000000000000000000000000000001111111111111110000000000000000
0000000000000000000000000000000001111111111111110000000000000000
0000000000000000000000000000000001111111111111110000000000000000
0000000000000000000000000000000001111111111111110000000000000000
0000000000000000000000000000000000000000000000000111111111111111
0000000000000000000000000000000000000000000000000111111111111111
0000000000000000000000000000000000000000000000000111111111111111
0000000000000000000000000000000000000000000000000111111111111111
0000000000000000000000000000000000000000000000000111111111111111
0000000000000000000000000000000000000000000000000111111111111111
0000000000000000000000000000000000000000000000000111111111111111
0000000000000000000000000000000000000000000000000111111111111111
0000000000000000000000000000000000000000000000000000000010011100
0000000000000000000000000000000000000000000000000000000010011000
0000000000000000000000000000000000000000000000000000000010010100
0000000000000000000000000000000000000000000000000000000010010100
0000000000000000000000000000000000000000000000000000000010010100
0000000000000000000000000000000000000000000000000000000010010100
0000000000000000000000000000000000000000000000000000000010011000
0000000000000000000000000000000000000000000000000000000010011100
0111111111111111000000000000000000000000000000000000000010011100
0111111111111111000000000000000000000000000000000000000010011000
0111111111111111000000000000000000000000000000000000000010010101
0111111111111111000000000000000000000000000000000000000010010111
0111111111111111000000000000000000000000000000000000000010010111
0111111111111111000000000000000000000000000000000000000010010101
0111111111111111000000000000000000000000000000000000000010011000
0111111111111111000000000000000000000000000000000000000010011100
0000000000000000011111111111111100000000000000000000000010011100
0000000000000000011111111111111100000000000000000000000010011001
0000000000000000011111111111111100000000000000000000000010010010
0000000000000000011111111111111100000000000000000000000010010100
0000000000000000011111111111111100000000000000000000000010010100
0000000000000000011111111111111100000000000000000000000010010010
0000000000000000011111111111111100000000000000000000000010011001
0000000000000000011111111111111100000000000000000000000010011100
0000000000000000000000000000000001111111111111110000000010010010
0000000000000000000000000000000001111111111111110000000010001101
0000000000000000000000000000000001111111111111110000000010001000
0000000000000000000000000000000001111111111111110000000010001001
0000000000000000000000000000000001111111111111110000000010001001
0000000000000000000000000000000001111111111111110000000010001000
0000000000000000000000000000000001111111111111110000000010001101
0000000000000000000000000000000001111111111111110000000010010010
0000000000000001000000000000000001111111111111110000000000000000
0000000000000001000000000000000001111111111111110000000000000000
0000000000000000000000000000000001111111111111110000000000000000
0000000000000001000000000000000001111111111111110000000000000000
0000000000000001000000000000000001111111111111110000000000000000
0000000000000000000000000000000001111111111111110000000000000000
0000000000000001000000000000000001111111111111110000000000000000
0000000000000001000000000000000001111111111111110000000000000000
0111111111111111000000000000000100000000000000000000000000000000
0111111111111111000000000000000000000000000000000000000000000000
0111111111111111000000000000000000000000000000000000000000000000
0111111111111111000000000000000000000000000000000000000000000000
0111111111111111000000000000000000000000000000000000000000000000
0111111111111111000000000000000000000000000000000000000000000000
0111111111111111000000000000000000000000000000000000000000000000
0111111111111111000000000000000100000000000000000000000000000000
0000000000000001011111111111111100000000000000000000000000000000
0000000000000001011111111111111100000000000000000000000000000000
0000000000000001011111111111111100000000000000000000000000000000
0000000000000001011111111111111100000000000000000000000000000000
0000000000000001011111111111111100000000000000000000000000000000
0000000000000001011111111111111100000000000000000000000000000000
0000000000000001011111111111111100000000000000000000000000000000
0000000000000001011111111111111100000000000000000000000000000000
0000000000000000000000000000000000000000101000000111111111111111
0000000000000000000000000000000000000000100111000111111111111111
0000000000000000000000000000000000000000100110010111111111111111
0000000000000000000000000000000000000000100110010111111111111111
0000000000000000000000000000000000000000100110010111111111111111
0000000000000000000000000000000000000000100110010111111111111111
0000000000000000000000000000000000000000100111000111111111111111
0000000000000000000000000000000000000000101000000111111111111111
0000000000000000000000000000000000000000000000000111111111111111
0000000000000000000000000000000000000000000000000111111111111111
0000000000000000000000000000000000000000000000000111111111111111
0000000000000000000000000000000000000000000000000111111111111111
0000000000000000000000000000000000000000000000000111111111111111
0000000000000000000000000000000000000000000000000111111111111111
0000000000000000000000000000000000000000000000000111111111111111
0000000000000000000000000000000000000000000000000111111111111111
0111111111111111000000000000000000000000000000000111111111111111
0111111111111111000000000000000000000000000000000111111111111111
0111111111111111000000000000000000000000000000000111111111111111
0111111111111111000000000000000000000000000000000111111111111111
0111111111111111000000000000000000000000000000000111111111111111
0111111111111111000000000000000000000000000000000111111111111111
0111111111111111000000000000000000000000000000000111111111111111
0111111111111111000000000000000000000000000000000111111111111111
0000000000000000011111111111111100000000000000000111111111111111
0000000000000000011111111111111100000000000000000111111111111111
0000000000000000011111111111111100000000000000000111111111111111
0000000000000000011111111111111100000000000000000111111111111111
0000000000000000011111111111111100000000000000000111111111111111
0000000000000000011111111111111100000000000000000111111111111111
0000000000000000011111111111111100000000000000000111111111111111
0000000000000000011111111111111100000000000000000111111111111111
0000000000000000000000000000000001111111111111110111111111111111
0000000000000000000000000000000001111111111111110111111111111111
0000000000000000000000000000000001111111111111110111111111111111
0000000000000000000000000000000001111111111111110111111111111111
0000000000000000000000000000000001111111111111110111111111111111
0000000000000000000000000000000001111111111111110111111111111111
0000000000000000000000000000000001111111111111110111111111111111
0000000000000000000000000000000001111111111111110111111111111111
0111111111111111011111111111111101111111111111110111111111111111
0111111111111111011111111111111101111111111111110111111111111111
0111111111111111011111111111111101111111111111110111111111111111
0111111111111111011111111111111101111111111111110111111111111111
0111111111111111011111111111111101111111111111110111111111111111
0111111111111111011111111111111101111111111111110111111111111111
0111111111111111011111111111111101111111111111110111111111111111
0111111111111111011111111111111101111111111111110111111111111111
0111111111111111011111111111111101111111111111110111111111111111
0111111111111111011111111111111101111111111111110111111111111111
0111111111111111011111111111111101111111111111110111111111111111
0111111111111111011111111111111101111111111111110111111111111111
0111111111111111011111111111111101111111111111110111111111111111
0111111111111111011111111111111101111111111111110111111111111111
0111111111111111011111111111111101111111111111110111111111111111
0111111111111111011111111111111101111111111111110111111111111111
0111111111111111011111111111111101111111111111110111111111111111
0111111111111111011111111111111101111111111111110111111111111111
0111111111111111011111111111111101111111111111110111111111111111
0111111111111111011111111111111101111111111111110111111111111111
0111111111111111011111111111111101111111111111110111111111111111
0111111111111111011111111111111101111111111111110111111111111111
0111111111111111011111111111111101111111111111110111111111111111
0111111111111111011111111111111101111111111111110111111111111111
0111111111111111011111111111111101111111111111110111111111111111
0111111111111111011111111111111101111111111111110111111111111111
0111111111111111011111111111111101111111111111110111111111111111
0111111111111111011111111111111101111111111111110111111111111111
0111111111111111011111111111111101111111111111110111111111111111
0111111111111111011111111111111101111111111111110111111111111111
0111111111111111011111111111111101111111111111110111111111111111
0111111111111111011111111111111101111111111111110111111111111111
0111111111111111011111111111111101111111111111110111111111111111
0111111111111111011111111111111101111111111111110111111111111111
0111111111111111011111111111111101111111111111110111111111111111
0111111111111111011111111111111101111111111111110111111111111111
0111111111111111011111111111111101111111111111110111111111111111
0111111111111111011111111111111101111111111111110111111111111111
0111111111111111011111111111111101111111111111110111111111111111
0111111111111111011111111111111101111111111111110111111111111111
0111111111111111011111111111111101111111111111110111111111111111
0111111111111111011111111111111101111111111111110111111111111111
0111111111111111011111111111111101111111111111110111111111111111
0111111111111111011111111111111101111111111111110111111111111111
0111111111111111011111111111111101111111111111110111111111111111
0111111111111111011111111111111101111111111111110111111111111111
0111111111111111011111111111111101111111111111110111111111111111
0111111111111111011111111111111101111111111111110111111111111111
0111111111111111011111111111111101111111111111110111111111111111
0111111111111111011111111111111101111111111111110111111111111111
0111111111111111011111111111111101111111111111110111111111111111
0111111111111111011111111111111101111111111111110111111111111111
0111111111111111011111111111111101111111111111110111111111111111
0111111111111111011111111111111101111111111111110111111111111111
0111111111111111011111111111111101111111111111110111111111111111
0111111111111111011111111111111101111111111111110111111111111111
0111111111111111011111111111111101111111111111110111111111111111
0111111111111111011111111111111101111111111111110111111111111111
0111111111111111011111111111111101111111111111110111111111111111
0111111111111111011111111111111101111111111111110111111111111111
0111111111111111011111111111111101111111111111110111111111111111
0111111111111111011111111111111101111111111111110111111111111111
0111111111111111011111111111111101111111111111110111111111111111
0111111111111111011111111111111101111111111111110111111111111111
0111111111111111011111111111111101111111111111110111111111111111
0111111111111111011111111111111101111111111111110111111111111111
0111111111111111011111111111111101111111111111110111111111111111
0111111111111111011111111111111101111111111111110111111111111111
0111111111111111011111111111111101111111111111110111111111111111
0111111111111111011111111111111101111111111111110111111111111111
0111111111111111011111111111111101111111111111110111111111111111
0111111111111111011111111111111101111111111111110111111111111111
0111111111111111011111111111111101111111111111110111111111111111
0111111111111111011111111111111101111111111111110111111111111111
0111111111111111011111111111111101111111111111110111111111111111
0111111111111111011111111111111101111111111111110111111111111111
0111111111111111011111111111111101111111111111110111111111111111
0111111111111111011111111111111101111111111111110111111111111111
0111111111111111011111111111111101111111111111110111111111111111
0111111111111111011111111111111101111111111111110111111111111111
0111111111111111011111111111111101111111111111110111111111111111
0111111111111111011111111111111101111111111111110111111111111111
0111111111111111011111111111111101111111111111110111111111111111
0111111111111111011111111111111101111111111111110111111111111111
0111111111111111011111111111111101111111111111110111111111111111
0111111111111111011111111111111101111111111111110111111111111111
0111111111111111011111111111111101111111111111110111111111111111
0111111111111111011111111111111101111111111111110111111111111111
0111111111111111011111111111111101111111111111110111111111111111
0111111111111111011111111111111101111111111111110111111111111111
0111111111111111011111111111111101111111111111110111111111111111
0111111111111111011111111111111101111111111111110111111111111111
0111111111111111011111111111111101111111111111110111111111111111
0111111111111111011111111111111101111111111111110111111111111111
0111111111111111011111111111111101111111111111110111111111111111
0111111111111111011111111111111101111111111111110111111111111111
1111111011111111000000000000000000000000000000000000000000000000
1111111100000101000000000000000000000000000000000000000000000000
1111111100000101000000000000000000000000000000000000000000000000
1111111011111111000000000000000000000000000000000000000000000000
1111111011111110000000000000000001111111111111110000000000000000
1111111100000010000000000000000001111111111111110000000000000000
1111111100000010000000000000000001111111111111110000000000000000
1111111011111110000000000000000001111111111111110000000000000000
1111111100110010000000000000000000000000000000000000000000110100
1111111100110100000000000000000000000000000000000000000000110100
1111111100110100000000000000000000000000000000000000000000110100
1111111100110010000000000000000000000000000000000000000000110100
0000000000000000000000000000000001111111111111110000000000100010
0000000000000000000000000000000001111111111111110000000000100010
0000000000000000000000000000000001111111111111110000000000100010
0000000000000000000000000000000001111111111111110000000000100010
1111111011111100011111111111111100000000000000000000000000000000
1111111100000101011111111111111100000000000000000000000000000000
1111111100000101011111111111111100000000000000000000000000000000
1111111011111100011111111111111100000000000000000000000000000000
1111111011111100000000000000000001111111111111110000000000000000
1111111100000001000000000000000001111111111111110000000000000000
1111111100000001000000000000000001111111111111110000000000000000
1111111011111100000000000000000001111111111111110000000000000000
0000000000000000011111111111111101111111111111110000000000000000
0000000000000000011111111111111101111111111111110000000000000000
0000000000000000011111111111111101111111111111110000000000000000
0000000000000000011111111111111101111111111111110000000000000000
1111111011111100000000000000000000000000000000000111111111111111
1111111100000010000000000000000000000000000000000111111111111111
1111111100000010000000000000000000000000000000000111111111111111
1111111011111100000000000000000000000000000000000111111111111111
0000000000000000011111111111111100000000000000000111111111111111
0000000000000000011111111111111100000000000000000111111111111111
0000000000000000011111111111111100000000000000000111111111111111
0000000000000000011111111111111100000000000000000111111111111111
0000000000000000000000000000000001111111111111110111111111111111
0000000000000000000000000000000001111111111111110111111111111111
0000000000000000000000000000000001111111111111110111111111111111
0000000000000000000000000000000001111111111111110111111111111111
0111111111111111111111111111110100000000000000000000000000000000
0111111111111111111111111111111000000000000000000000000000000000
0111111111111111111111111111111000000000000000000000000000000000
0111111111111111111111111111110100000000000000000000000000000000
0000000000000000000000000000000000000000100001010000000001001101
0000000000000000000000000000000000000000100000100000000001001011
0000000000000000000000000000000000000000100000100000000001001011
0000000000000000000000000000000000000000100001010000000001001101
0111111111111111000000000000000000000000100001010000000001001101
0111111111111111000000000000000000000000100000110000000001001100
0111111111111111000000000000000000000000100000110000000001001100
0111111111111111000000000000000000000000100001010000000001001101
0000000000000000011111111111111100000000100001100000000001001000
0000000000000000011111111111111100000000100000100000000001000101
0000000000000000011111111111111100000000100000100000000001000101
0000000000000000011111111111111100000000100001100000000001001000
0111111111111111000000000000000000000000000000000000000010011101
0111111111111111000000000000000000000000000000000000000010011000
0111111111111111000000000000000000000000000000000000000010011000
0111111111111111000000000000000000000000000000000000000010011101
0000000000000000011111111111111100000000000000000000000010011101
0000000000000000011111111111111100000000000000000000000010011001
0000000000000000011111111111111100000000000000000000000010011001
0000000000000000011111111111111100000000000000000000000010011101
0111111111111111011111111111111100000000000000000000000010011101
0111111111111111011111111111111100000000000000000000000010011011
0111111111111111011111111111111100000000000000000000000010011011
0111111111111111011111111111111100000000000000000000000010011101
0000000000000000000000000000000001111111111111110000000010011100
0000000000000000000000000000000001111111111111110000000010010101
0000000000000000000000000000000001111111111111110000000010010101
0000000000000000000000000000000001111111111111110000000010011100
0111111111111111000000000000000001111111111111110000000010010011
0111111111111111000000000000000001111111111111110000000010001111
0111111111111111000000000000000001111111111111110000000010001111
0111111111111111000000000000000001111111111111110000000010010011
0000000000000000000000001001100001111111111111110000000000101010
0000000000000000000000001001010101111111111111110000000000101001
0000000000000000000000001001010101111111111111110000000000101001
0000000000000000000000001001100001111111111111110000000000101010
0000000000000000011111111111111101111111111111110000000001111000
0000000000000000011111111111111101111111111111110000000001110010
0000000000000000011111111111111101111111111111110000000001110010
0000000000000000011111111111111101111111111111110000000001111000
0111111111111111011111111111111100000000000000010000000000000000
0111111111111111011111111111111100000000000000000000000000000000
0111111111111111011111111111111100000000000000000000000000000000
0111111111111111011111111111111100000000000000010000000000000000
0111111111111111000000000000000101111111111111110000000000000000
0111111111111111000000000000000101111111111111110000000000000000
0111111111111111000000000000000101111111111111110000000000000000
0111111111111111000000000000000101111111111111110000000000000000
0000000000000001011111111111111101111111111111110000000000000000
0000000000000001011111111111111101111111111111110000000000000000
0000000000000001011111111111111101111111111111110000000000000000
0000000000000001011111111111111101111111111111110000000000000000
0000000000000000000000001000100000000000010100010111111111111111
0000000000000000000000001000010100000000010100000111111111111111
0000000000000000000000001000010100000000010100000111111111111111
0000000000000000000000001000100000000000010100010111111111111111
0000000000000000000000000000000000000000101000010111111111111111
0000000000000000000000000000000000000000100111010111111111111111
0000000000000000000000000000000000000000100111010111111111111111
0000000000000000000000000000000000000000101000010111111111111111
0111111111111111000000000000000000000000101000000111111111111111
0111111111111111000000000000000000000000100111100111111111111111
0111111111111111000000000000000000000000100111100111111111111111
0111111111111111000000000000000000000000101000000111111111111111
0000000000000000011111111111111100000000100101110111111111111111
0000000000000000011111111111111100000000100100100111111111111111
0000000000000000011111111111111100000000100100100111111111111111
0000000000000000011111111111111100000000100101110111111111111111
0111111111111111000000000000000000000000000000000111111111111111
0111111111111111000000000000000000000000000000000111111111111111
0111111111111111000000000000000000000000000000000111111111111111
0111111111111111000000000000000000000000000000000111111111111111
0000000000000000011111111111111100000000000000000111111111111111
0000000000000000011111111111111100000000000000000111111111111111
0000000000000000011111111111111100000000000000000111111111111111
0000000000000000011111111111111100000000000000000111111111111111
0111111111111111011111111111111100000000000000000111111111111111
0111111111111111011111111111111100000000000000000111111111111111
0111111111111111011111111111111100000000000000000111111111111111
0111111111111111011111111111111100000000000000000111111111111111
0000000000000000000000000000000001111111111111110111111111111111
0000000000000000000000000000000001111111111111110111111111111111
0000000000000000000000000000000001111111111111110111111111111111
0000000000000000000000000000000001111111111111110111111111111111
0111111111111111000000000000000001111111111111110111111111111111
0111111111111111000000000000000001111111111111110111111111111111
0111111111111111000000000000000001111111111111110111111111111111
0111111111111111000000000000000001111111111111110111111111111111
0000000000000000011111111111111101111111111111110111111111111111
0000000000000000011111111111111101111111111111110111111111111111
0000000000000000011111111111111101111111111111110111111111111111
0000000000000000011111111111111101111111111111110111111111111111
0111111111111111011111111111111101111111111111110111111111111111
0111111111111111011111111111111101111111111111110111111111111111
0111111111111111011111111111111101111111111111110111111111111111
0111111111111111011111111111111101111111111111110111111111111111
0111111111111111011111111111111101111111111111110111111111111111
0111111111111111011111111111111101111111111111110111111111111111
0111111111111111011111111111111101111111111111110111111111111111
0111111111111111011111111111111101111111111111110111111111111111
0111111111111111011111111111111101111111111111110111111111111111
0111111111111111011111111111111101111111111111110111111111111111
0111111111111111011111111111111101111111111111110111111111111111
0111111111111111011111111111111101111111111111110111111111111111
0111111111111111011111111111111101111111111111110111111111111111
0111111111111111011111111111111101111111111111110111111111111111
0111111111111111011111111111111101111111111111110111111111111111
0111111111111111011111111111111101111111111111110111111111111111
0111111111111111011111111111111101111111111111110111111111111111
0111111111111111011111111111111101111111111111110111111111111111
0111111111111111011111111111111101111111111111110111111111111111
0111111111111111011111111111111101111111111111110111111111111111
0111111111111111011111111111111101111111111111110111111111111111
0111111111111111011111111111111101111111111111110111111111111111
0111111111111111011111111111111101111111111111110111111111111111
0111111111111111011111111111111101111111111111110111111111111111
0111111111111111011111111111111101111111111111110111111111111111
0111111111111111011111111111111101111111111111110111111111111111
0111111111111111011111111111111101111111111111110111111111111111
0111111111111111011111111111111101111111111111110111111111111111
0111111111111111011111111111111101111111111111110111111111111111
0111111111111111011111111111111101111111111111110111111111111111
0111111111111111011111111111111101111111111111110111111111111111
0111111111111111011111111111111101111111111111110111111111111111
0111111111111111011111111111111101111111111111110111111111111111
0111111111111111011111111111111101111111111111110111111111111111
0111111111111111011111111111111101111111111111110111111111111111
0111111111111111011111111111111101111111111111110111111111111111
0111111111111111011111111111111101111111111111110111111111111111
0111111111111111011111111111111101111111111111110111111111111111
0111111111111111011111111111111101111111111111110111111111111111
0111111111111111011111111111111101111111111111110111111111111111
0111111111111111011111111111111101111111111111110111111111111111
0111111111111111011111111111111101111111111111110111111111111111
0111111111111111011111111111111101111111111111110111111111111111
0111111111111111011111111111111101111111111111110111111111111111
0111111111111111011111111111111101111111111111110111111111111111
0111111111111111011111111111111101111111111111110111111111111111
0111111111111111011111111111111101111111111111110111111111111111
0111111111111111011111111111111101111111111111110111111111111111
0111111111111111011111111111111101111111111111110111111111111111
0111111111111111011111111111111101111111111111110111111111111111
0111111111111111011111111111111101111111111111110111111111111111
0111111111111111011111111111111101111111111111110111111111111111
0111111111111111011111111111111101111111111111110111111111111111
0111111111111111011111111111111101111111111111110111111111111111
0111111111111111011111111111111101111111111111110111111111111111
0111111111111111011111111111111101111111111111110111111111111111
0111111111111111011111111111111101111111111111110111111111111111
0111111111111111011111111111111101111111111111110111111111111111
0111111111111111011111111111111101111111111111110111111111111111
0111111111111111011111111111111101111111111111110111111111111111
0111111111111111011111111111111101111111111111110111111111111111
0111111111111111011111111111111101111111111111110111111111111111
0111111111111111011111111111111101111111111111110111111111111111
0111111111111111011111111111111101111111111111110111111111111111
0111111111111111011111111111111101111111111111110111111111111111
0111111111111111011111111111111101111111111111110111111111111111
0111111111111111011111111111111101111111111111110111111111111111
0111111111111111011111111111111101111111111111110111111111111111
0111111111111111011111111111111101111111111111110111111111111111
0111111111111111011111111111111101111111111111110111111111111111
0111111111111111011111111111111101111111111111110111111111111111
0111111111111111011111111111111101111111111111110111111111111111
0111111111111111011111111111111101111111111111110111111111111111
0111111111111111011111111111111101111111111111110111111111111111
0111111111111111011111111111111101111111111111110111111111111111
0111111111111111011111111111111101111111111111110111111111111111
0111111111111111011111111111111101111111111111110111111111111111
0111111111111111011111111111111101111111111111110111111111111111
0111111111111111011111111111111101111111111111110111111111111111
0111111111111111011111111111111101111111111111110111111111111111
0111111111111111011111111111111101111111111111110111111111111111
0111111111111111011111111111111101111111111111110111111111111111
0111111111111111011111111111111101111111111111110111111111111111
0111111111111111011111111111111101111111111111110111111111111111
0111111111111111011111111111111101111111111111110111111111111111
0111111111111111011111111111111101111111111111110111111111111111
0111111111111111011111111111111101111111111111110111111111111111
0111111111111111011111111111111101111111111111110111111111111111
0111111111111111011111111111111101111111111111110111111111111111
0111111111111111011111111111111101111111111111110111111111111111
0111111111111111011111111111111101111111111111110111111111111111
0111111111111111011111111111111101111111111111110111111111111111
0111111111111111011111111111111101111111111111110111111111111111
0111111111111111011111111111111101111111111111110111111111111111
0111111111111111011111111111111101111111111111110111111111111111
0111111111111111011111111111111101111111111111110111111111111111
0111111111111111011111111111111101111111111111110111111111111111
0111111111111111011111111111111101111111111111110111111111111111
0111111111111111011111111111111101111111111111110111111111111111
0111111111111111011111111111111101111111111111110111111111111111
0111111111111111011111111111111101111111111111110111111111111111
0111111111111111011111111111111101111111111111110111111111111111
0111111111111111011111111111111101111111111111110111111111111111
0111111111111111011111111111111101111111111111110111111111111111
0111111111111111011111111111111101111111111111110111111111111111
0111111111111111011111111111111101111111111111110111111111111111
0111111111111111011111111111111101111111111111110111111111111111
0111111111111111011111111111111101111111111111110111111111111111
0111111111111111011111111111111101111111111111110111111111111111
0111111111111111011111111111111101111111111111110111111111111111
0111111111111111011111111111111101111111111111110111111111111111
0111111111111111011111111111111101111111111111110111111111111111
0111111111111111011111111111111101111111111111110111111111111111
0111111111111111011111111111111101111111111111110111111111111111
0111111111111111011111111111111101111111111111110111111111111111
0111111111111111011111111111111101111111111111110111111111111111
0111111111111111011111111111111101111111111111110111111111111111
0111111111111111011111111111111101111111111111110111111111111111
0111111111111111011111111111111101111111111111110111111111111111
0111111111111111011111111111111101111111111111110111111111111111
0111111111111111011111111111111101111111111111110111111111111111
0111111111111111011111111111111101111111111111110111111111111111
0111111111111111011111111111111101111111111111110111111111111111
0111111111111111011111111111111101111111111111110111111111111111
0111111111111111011111111111111101111111111111110111111111111111
0111111111111111011111111111111101111111111111110111111111111111
0111111111111111011111111111111101111111111111110111111111111111
0111111111111111011111111111111101111111111111110111111111111111
0111111111111111011111111111111101111111111111110111111111111111
0111111111111111011111111111111101111111111111110111111111111111
0111111111111111011111111111111101111111111111110111111111111111
0111111111111111011111111111111101111111111111110111111111111111
0111111111111111011111111111111101111111111111110111111111111111
0111111111111111011111111111111101111111111111110111111111111111
0111111111111111011111111111111101111111111111110111111111111111
0111111111111111011111111111111101111111111111110111111111111111
1111111100000011000000000000000011111111111111110000000000000000
1111111100000011000000000000000011111111111111110000000000000000
1111111011111110000000000000000001111111111111110000000000000000
1111111011111110000000000000000001111111111111110000000000000000
1111111011111101000000000000000000000000000000000111111111111111
1111111011111101000000000000000000000000000000000111111111111111
1111111100000001011111111111111111111111111111110000000000000000
1111111100000001011111111111111111111111111111110000000000000000
1111111100110001011111111111111100000000000000000000000000110100
1111111100110001011111111111111100000000000000000000000000110100
0111111111111111000000000000000001111111111111110000000000011011
0111111111111111000000000000000001111111111111110000000000011011
0111111111111111011111111111111111111111111111000000000000000000
0111111111111111011111111111111111111111111111000000000000000000
1111111011111011011111111111111101111111111111110000000000000000
1111111011111011011111111111111101111111111111110000000000000000
1111111011111011011111111111111100000000000000000111111111111111
1111111011111011011111111111111100000000000000000111111111111111
1111111011111011000000000000000001111111111111110111111111111111
1111111011111011000000000000000001111111111111110111111111111111
0000000000000000011111111111111101111111111111110111111111111111
0000000000000000011111111111111101111111111111110111111111111111
0111111111111111111111111111111011111111111111000000000000000000
0111111111111111111111111111111011111111111111000000000000000000
0111111111111111111111111111110101111111111111110000000000000000
0111111111111111111111111111110101111111111111110000000000000000
0111111111111111111111111111110100000000000000000111111111111111
0111111111111111111111111111110100000000000000000111111111111111
0111111111111111000000000000000001111111111111110111111111111111
0111111111111111000000000000000001111111111111110111111111111111
0000000000000000000000001000001100000000010011100000000000100001
0000000000000000000000001000001100000000010011100000000000100001
0111111111111111000000000000000000000000010001100000000000010110
0111111111111111000000000000000000000000010001100000000000010110
0111111111111111000000000000000000000000100001010000000001001110
0111111111111111000000000000000000000000100001010000000001001110
0000000000000000011111111111111100000000100001100000000001001000
0000000000000000011111111111111100000000100001100000000001001000
0111111111111111011111111111111100000000000000000000000000110110
0111111111111111011111111111111100000000000000000000000000110110
0111111111111111011111111111111100000000000000000000000010011101
0111111111111111011111111111111100000000000000000000000010011101
0000000000000000000000001001100001111111111111110000000000101010
0000000000000000000000001001100001111111111111110000000000101010
0111111111111111000000000000000001111111111111110000000010011100
0111111111111111000000000000000001111111111111110000000010011100
0000000000000000011111111111111101111111111111110000000010001000
0000000000000000011111111111111101111111111111110000000010001000
0111111111111111011111111111111101111111111111110000000000000000
0111111111111111011111111111111101111111111111110000000000000000
0111111111111111000000000000000000000000101000010111111111111111
0111111111111111000000000000000000000000101000010111111111111111
0000000000000000011111111111111100000000100110000111111111111111
0000000000000000011111111111111100000000100110000111111111111111
0111111111111111011111111111111100000000000000000111111111111111
0111111111111111011111111111111100000000000000000111111111111111
0111111111111111011111111111111101111111111111110111111111111111
0111111111111111011111111111111101111111111111110111111111111111
0111111111111111011111111111111101111111111111110111111111111111
0111111111111111011111111111111101111111111111110111111111111111
0111111111111111011111111111111101111111111111110111111111111111
0111111111111111011111111111111101111111111111110111111111111111
0111111111111111011111111111111101111111111111110111111111111111
0111111111111111011111111111111101111111111111110111111111111111
0111111111111111011111111111111101111111111111110111111111111111
0111111111111111011111111111111101111111111111110111111111111111
0111111111111111011111111111111101111111111111110111111111111111
0111111111111111011111111111111101111111111111110111111111111111
0111111111111111011111111111111101111111111111110111111111111111
0111111111111111011111111111111101111111111111110111111111111111
0111111111111111011111111111111101111111111111110111111111111111
0111111111111111011111111111111101111111111111110111111111111111
0111111111111111011111111111111101111111111111110111111111111111
0111111111111111011111111111111101111111111111110111111111111111
0111111111111111011111111111111101111111111111110111111111111111
0111111111111111011111111111111101111111111111110111111111111111
0111111111111111011111111111111101111111111111110111111111111111
0111111111111111011111111111111101111111111111110111111111111111
0111111111111111011111111111111101111111111111110111111111111111
0111111111111111011111111111111101111111111111110111111111111111
0111111111111111011111111111111101111111111111110111111111111111
0111111111111111011111111111111101111111111111110111111111111111
0111111111111111011111111111111101111111111111110111111111111111
0111111111111111011111111111111101111111111111110111111111111111
0111111111111111011111111111111101111111111111110111111111111111
0111111111111111011111111111111101111111111111110111111111111111
0111111111111111011111111111111101111111111111110111111111111111
0111111111111111011111111111111101111111111111110111111111111111
0111111111111111011111111111111101111111111111110111111111111111
0111111111111111011111111111111101111111111111110111111111111111
0111111111111111011111111111111101111111111111110111111111111111
0111111111111111011111111111111101111111111111110111111111111111
0111111111111111011111111111111101111111111111110111111111111111
0111111111111111011111111111111101111111111111110111111111111111
0111111111111111011111111111111101111111111111110111111111111111
0111111111111111011111111111111101111111111111110111111111111111
0111111111111111011111111111111101111111111111110111111111111111
0111111111111111011111111111111101111111111111110111111111111111
0111111111111111011111111111111101111111111111110111111111111111
0111111111111111011111111111111101111111111111110111111111111111
0111111111111111011111111111111101111111111111110111111111111111
0111111111111111011111111111111101111111111111110111111111111111
0111111111111111011111111111111101111111111111110111111111111111
0111111111111111011111111111111101111111111111110111111111111111
0111111111111111011111111111111101111111111111110111111111111111
0111111111111111011111111111111101111111111111110111111111111111
0111111111111111011111111111111101111111111111110111111111111111
0111111111111111011111111111111101111111111111110111111111111111
0111111111111111011111111111111101111111111111110111111111111111
0111111111111111011111111111111101111111111111110111111111111111
0111111111111111011111111111111101111111111111110111111111111111
0111111111111111011111111111111101111111111111110111111111111111
0111111111111111011111111111111101111111111111110111111111111111
0111111111111111011111111111111101111111111111110111111111111111
0111111111111111011111111111111101111111111111110111111111111111
0111111111111111011111111111111101111111111111110111111111111111
0111111111111111011111111111111101111111111111110111111111111111
0111111111111111011111111111111101111111111111110111111111111111
1111111100000010000000000000000011111111111111111111111111111111
1111111011111110000000000000000011111111111111110111111111111111
1111111100000000000000000000000001111111111111111111111111111111
1111111011111011000000000000000001111111111111110111111111111111
1111111100000001011111111111111111111111111111111111111111111111
1111111011111101011111111111111111111111111111110111111111111111
1111111011111111011111111111111101111111111111111111111111111111
1111111011111000011111111111111101111111111111111111111111110010
0111111111111111111111111111111011111111111111001111111111111011
0111111111111111111111111111110111111111111111000111111111111111
0111111111111111111111111111111001111111111111111111111111111010
0111111111111111011111111111111111111111111111001111111111111011
0111111111111111000000000110001000000000001010101111111111111101
0111111111111111011111111111111100000000010001110000000000001111
0111111111111111000000000110001000000000001010100111111111111111
0111111111111111011111111111111101111111111111110111111111111111
0111111111111111011111111111111101111111111111110111111111111111
0111111111111111011111111111111101111111111111110111111111111111
0111111111111111011111111111111101111111111111110111111111111111
0111111111111111011111111111111101111111111111110111111111111111
0111111111111111000000000110010101111111111111111111111111111110
0111111111111111011111111111111101111111111111110111111111111111
0111111111111111011111111111111101111111111111110111111111111111
0111111111111111011111111111111101111111111111110111111111111111
0111111111111111011111111111111101111111111111110111111111111111
0111111111111111011111111111111101111111111111110111111111111111
0111111111111111011111111111111101111111111111110111111111111111
0111111111111111011111111111111101111111111111110111111111111111
0111111111111111011111111111111101111111111111110111111111111111
0111111111111111011111111111111101111111111111110111111111111111
0111111111111111011111111111111101111111111111110111111111111111
0111111111111111011111111111111101111111111111110111111111111111
0111111111111111011111111111111101111111111111110111111111111111
0111111111111111011111111111111101111111111111110111111111111111
0111111111111111011111111111111101111111111111110111111111111111
0111111111111111011111111111111101111111111111110111111111111111
0111111111111111011111111111111101111111111111110111111111111111
0111111111111111011111111111111101111111111111110111111111111111
0111111111111111011111111111111101111111111111110111111111111111
0111111111111111011111111111111101111111111111110111111111111111
0111111111111111011111111111111101111111111111110111111111111111
0111111111111111011111111111111101111111111111110111111111111111
0111111111111111011111111111111101111111111111110111111111111111
0111111111111111011111111111111101111111111111110111111111111111
0111111111111111011111111111111101111111111111110111111111111111
0111111111111111011111111111111101111111111111110111111111111111
