000000000000000000000000000000000000000000000000000000000000
000000000000000000000000000000000000000000000000000000000000
000000000000000000000000000000000000000000000000000000000000
000000000000000000000000000000000000000000000000000000000000
000000000000000000000000000000000000000000000000000000000000
000000000000000000000000000000111111100111010000001101000111
000000000000000000000000000000111111100110111000001101010010
000000000000000000000000000000111111100111101000001100111110
000000000000000000000000000000000000000000000000000000000000
000000000000000000000000000000000000000000000000000000000000
000000000000000000000000000000000000000000000000000000000000
000000000000000000000000000000000000000000000000000000000000
000000000000000000000000000000111111111111010000000001101001
000000000000000000000000000000111111111111010000000001101010
000000000000000000000000000000111111111111010000000001101001
000000000000000000000000000000111111111111010000000001101010
