00000000010101111110111011110000000001000000000010001010
00000000010101111110111100000000000001001100000010000110
00000000010101111110111100010000000000111000000010001011
00000000010101111110111101010000000000101100000010000111
00000000010101111110111101010000000000101100000010000111
00000000010101111110111100010000000000111000000010001011
00000000010101111110111100000000000001001100000010000110
00000000010101111110111011110000000001000000000010001010
01111111111111111110101101000000000001011100000010101100
01111111111111111110101110000000000010100000000010001101
01111111111111111110101111000000000000100000000010101111
01111111111111111110110100111111111111010000000010010111
01111111111111111110110100111111111111010000000010010111
01111111111111111110101111000000000000100000000010101111
01111111111111111110101110000000000010100000000010001101
01111111111111111110101101000000000001011100000010101100
11111011110101011111111111110000000110011100000010001010
11111011110101011111111111110000000110100100000010001000
11111011110110011111111111110000000110010100000010001011
11111011111000011111111111110000000110001100000010001000
11111011111000011111111111110000000110001100000010001000
11111011110110011111111111110000000110010100000010001011
11111011110101011111111111110000000110100100000010001000
11111011110101011111111111110000000110011100000010001010
11111100010010000000000101110111111111111100000010011111
11111100010010000000000110010111111111111100000010011101
11111100010011000000000101010111111111111100000010100000
11111100010111000000000100010111111111111100000010011110
11111100010111000000000100010111111111111100000010011110
11111100010011000000000101010111111111111100000010100000
11111100010010000000000110010111111111111100000010011101
11111100010010000000000101110111111111111100000010011111
11111011101110000000000100110000001000101001111111111111
11111011101111000000000101000000001000011101111111111111
11111011110000000000000100010000001000101101111111111111
11111011110010000000000011110000001000100001111111111111
11111011110010000000000011110000001000100001111111111111
11111011110000000000000100010000001000101101111111111111
11111011101111000000000101000000001000011101111111111111
11111011101110000000000100110000001000101001111111111111
11111011011100000000000011110000001000111000000010110010
11111011011101000000000100110000001000011000000010110011
11111011011110000000000010110000001000111100000010110011
11111011100101000000000001100000001000100000000010110101
11111011100101000000000001100000001000100000000010110101
11111011011110000000000010110000001000111100000010110011
11111011011101000000000100110000001000011000000010110011
11111011011100000000000011110000001000111000000010110010
01111111111111111110111100110000001000101000000010001001
01111111111111111110111100100000001000010100000010001001
01111111111111111110111101000000001000110100000010001001
01111111111111111110111110010000001000011000000010001100
01111111111111111110111110010000001000011000000010001100
01111111111111111110111101000000001000110100000010001001
01111111111111111110111100100000001000010100000010001001
01111111111111111110111100110000001000101000000010001001
11111100010000011111111111110000001010000000000010011010
11111100001111011111111111110000001001101000000010011011
11111100010010011111111111110000001010000100000010011010
11111100011010011111111111110000001001110000000010011101
11111100011010011111111111110000001001110000000010011101
11111100010010011111111111110000001010000100000010011010
11111100001111011111111111110000001001101000000010011011
11111100010000011111111111110000001010000000000010011010
11111011111001000000100010100111111111111100000010100101
11111011111010000000100000010111111111111100000010100110
11111011111011000000100011000111111111111100000010100101
11111100000100000000100001000111111111111100000010101000
11111100000100000000100001000111111111111100000010101000
11111011111011000000100011000111111111111100000010100101
11111011111010000000100000010111111111111100000010100110
11111011111001000000100010100111111111111100000010100101
11111011111100000000010000110111111111111100000011100100
11111011110111000000010100010111111111111100000011010101
11111011111101000000010000000111111111111100000011100111
11111100011010000000001000000111111111111100000011011101
11111100011010000000001000000111111111111100000011011101
11111011111101000000010000000111111111111100000011100111
11111011110111000000010100010111111111111100000011010101
11111011111100000000010000110111111111111100000011100100
01111111111111111110110101100000000100000100000011010101
01111111111111111110110110000000000101001100000010111010
01111111111111111110110110110000000011011100000011011010
01111111111111111110111110100000000001111000000011000100
01111111111111111110111110100000000001111000000011000100
01111111111111111110110110110000000011011100000011011010
01111111111111111110110110000000000101001100000010111010
01111111111111111110110101100000000100000100000011010101
11111011100110011111111111110000001001101000000010111110
11111011100011011111111111110000001010100000000010110010
11111011101001011111111111110000001000111000000011000111
11111011111000011111111111110000001000001000000010110101
11111011111000011111111111110000001000001000000010110101
11111011101001011111111111110000001000111000000011000111
11111011100011011111111111110000001010100000000010110010
11111011100110011111111111110000001001101000000010111110
11111011011101000000100011110000001011001001111111111111
11111011011110000000100001110000001011001101111111111111
11111011011111000000100100000000001011001101111111111111
11111011100100000000100010100000001011010101111111111111
11111011100100000000100010100000001011010101111111111111
11111011011111000000100100000000001011001101111111111111
11111011011110000000100001110000001011001101111111111111
11111011011101000000100011110000001011001001111111111111
11111011010101000000010001000000001101010101111111111111
11111011010110000000010100010000001100000101111111111111
11111011011000000000001111000000001101100101111111111111
11111011110000000000001010010000001100100001111111111111
11111011110000000000001010010000001100100001111111111111
11111011011000000000001111000000001101100101111111111111
11111011010110000000010100010000001100000101111111111111
11111011010101000000010001000000001101010101111111111111
01111111111111111110111001100000001011111001111111111111
01111111111111111110111001000000001011011001111111111111
01111111111111111110111010000000001100010101111111111111
01111111111111111110111100110000001011011101111111111111
01111111111111111110111100110000001011011101111111111111
01111111111111111110111010000000001100010101111111111111
01111111111111111110111001000000001011011001111111111111
01111111111111111110111001100000001011111001111111111111
11111011111100011111111111110000001110010101111111111111
11111011111001011111111111110000001101101001111111111111
11111011111101011111111111110000001110011101111111111111
11111100010011011111111111110000001110000001111111111111
11111100010011011111111111110000001110000001111111111111
11111011111101011111111111110000001110011101111111111111
11111011111001011111111111110000001101101001111111111111
11111011111100011111111111110000001110010101111111111111
11111011010110000000110101100111111111111101111111111111
11111011010111000000110001110111111111111101111111111111
11111011011000000000110110010111111111111101111111111111
11111011101010000000110011000111111111111101111111111111
11111011101010000000110011000111111111111101111111111111
11111011011000000000110110010111111111111101111111111111
11111011010111000000110001110111111111111101111111111111
11111011010110000000110101100111111111111101111111111111
01111111111111011111111111110111111111111101111111111111
01111111111111011111111111110111111111111101111111111111
01111111111111011111111111110111111111111101111111111111
01111111111111011111111111110111111111111101111111111111
01111111111111011111111111110111111111111101111111111111
01111111111111011111111111110111111111111101111111111111
01111111111111011111111111110111111111111101111111111111
01111111111111011111111111110111111111111101111111111111
01111111111111011111111111110111111111111101111111111111
01111111111111011111111111110111111111111101111111111111
01111111111111011111111111110111111111111101111111111111
01111111111111011111111111110111111111111101111111111111
01111111111111011111111111110111111111111101111111111111
01111111111111011111111111110111111111111101111111111111
01111111111111011111111111110111111111111101111111111111
01111111111111011111111111110111111111111101111111111111
01111111111111011111111111110111111111111101111111111111
01111111111111011111111111110111111111111101111111111111
01111111111111011111111111110111111111111101111111111111
01111111111111011111111111110111111111111101111111111111
01111111111111011111111111110111111111111101111111111111
01111111111111011111111111110111111111111101111111111111
01111111111111011111111111110111111111111101111111111111
01111111111111011111111111110111111111111101111111111111
01111111111111011111111111110111111111111101111111111111
01111111111111011111111111110111111111111101111111111111
01111111111111011111111111110111111111111101111111111111
01111111111111011111111111110111111111111101111111111111
01111111111111011111111111110111111111111101111111111111
01111111111111011111111111110111111111111101111111111111
01111111111111011111111111110111111111111101111111111111
01111111111111011111111111110111111111111101111111111111
01111111111111011111111111110111111111111101111111111111
01111111111111011111111111110111111111111101111111111111
01111111111111011111111111110111111111111101111111111111
01111111111111011111111111110111111111111101111111111111
01111111111111011111111111110111111111111101111111111111
01111111111111011111111111110111111111111101111111111111
01111111111111011111111111110111111111111101111111111111
01111111111111011111111111110111111111111101111111111111
01111111111111011111111111110111111111111101111111111111
01111111111111011111111111110111111111111101111111111111
01111111111111011111111111110111111111111101111111111111
01111111111111011111111111110111111111111101111111111111
01111111111111011111111111110111111111111101111111111111
01111111111111011111111111110111111111111101111111111111
01111111111111011111111111110111111111111101111111111111
01111111111111011111111111110111111111111101111111111111
01111111111111011111111111110111111111111101111111111111
01111111111111011111111111110111111111111101111111111111
01111111111111011111111111110111111111111101111111111111
01111111111111011111111111110111111111111101111111111111
01111111111111011111111111110111111111111101111111111111
01111111111111011111111111110111111111111101111111111111
01111111111111011111111111110111111111111101111111111111
01111111111111011111111111110111111111111101111111111111
01111111111111011111111111110111111111111101111111111111
01111111111111011111111111110111111111111101111111111111
01111111111111011111111111110111111111111101111111111111
01111111111111011111111111110111111111111101111111111111
01111111111111011111111111110111111111111101111111111111
01111111111111011111111111110111111111111101111111111111
01111111111111011111111111110111111111111101111111111111
01111111111111011111111111110111111111111101111111111111
01111111111111011111111111110111111111111101111111111111
01111111111111011111111111110111111111111101111111111111
01111111111111011111111111110111111111111101111111111111
01111111111111011111111111110111111111111101111111111111
01111111111111011111111111110111111111111101111111111111
01111111111111011111111111110111111111111101111111111111
01111111111111011111111111110111111111111101111111111111
01111111111111011111111111110111111111111101111111111111
01111111111111011111111111110111111111111101111111111111
01111111111111011111111111110111111111111101111111111111
01111111111111011111111111110111111111111101111111111111
01111111111111011111111111110111111111111101111111111111
01111111111111011111111111110111111111111101111111111111
01111111111111011111111111110111111111111101111111111111
01111111111111011111111111110111111111111101111111111111
01111111111111011111111111110111111111111101111111111111
01111111111111011111111111110111111111111101111111111111
01111111111111011111111111110111111111111101111111111111
01111111111111011111111111110111111111111101111111111111
01111111111111011111111111110111111111111101111111111111
01111111111111011111111111110111111111111101111111111111
01111111111111011111111111110111111111111101111111111111
01111111111111011111111111110111111111111101111111111111
01111111111111011111111111110111111111111101111111111111
01111111111111011111111111110111111111111101111111111111
01111111111111011111111111110111111111111101111111111111
01111111111111011111111111110111111111111101111111111111
01111111111111011111111111110111111111111101111111111111
01111111111111011111111111110111111111111101111111111111
01111111111111011111111111110111111111111101111111111111
01111111111111011111111111110111111111111101111111111111
01111111111111011111111111110111111111111101111111111111
00000000011000000000000010001111101110000000000000011011
00000000011000000000000010011111101110001100000000010101
00000000011000000000000010011111101110001100000000010101
00000000011000000000000010001111101110000000000000011011
00000000010011111110110100110111111111111100000001110011
00000000010011111110110101010111111111111100000001101110
00000000010011111110110101010111111111111100000001101110
00000000010011111110110100110111111111111100000001110011
00000000010100111110110001100000000000001100000010001001
00000000010100111110110010000000000000000000000010001001
00000000010100111110110010000000000000000000000010001001
00000000010100111110110001100000000000001100000010001001
11111011110011000000000001100111111111111100000010011011
11111011110100000000000001000111111111111100000010011011
11111011110100000000000001000111111111111100000010011011
11111011110011000000000001100111111111111100000010011011
00000000011001011111111111111111101111110100000000110001
00000000011001011111111111111111110000000100000000101100
00000000011001011111111111111111110000000100000000101100
00000000011001011111111111111111101111110100000000110001
00000000010101111110111110010111111111111100000010001110
00000000010110111110111111000111111111111100000010001010
00000000010110111110111111000111111111111100000010001010
00000000010101111110111110010111111111111100000010001110
11111100100010011111111111110111111111111100000010100011
11111100100011011111111111110111111111111100000010100001
11111100100011011111111111110111111111111100000010100001
11111100100010011111111111110111111111111100000010100011
00000000011001111110111111010000000011000001111111111111
00000000011001111111000000000000000010110001111111111111
00000000011001111111000000000000000010110001111111111111
00000000011001111110111111010000000011000001111111111111
11111011111010011111111111110000001000111101111111111111
11111011111011011111111111110000001000110001111111111111
11111011111011011111111111110000001000110001111111111111
11111011111010011111111111110000001000111101111111111111
11111011111100000000001100100111111111111101111111111111
11111011111110000000001100000111111111111101111111111111
11111011111110000000001100000111111111111101111111111111
11111011111100000000001100100111111111111101111111111111
01111111111111000000000100001111101101000000000001011000
01111111111111000000000100011111101110010000000000110100
01111111111111000000000100011111101110010000000000110100
01111111111111000000000100001111101101000000000001011000
11111011010111000000000001100000001000000100000010101000
11111011011010000000000000010000001000001000000010101001
11111011011010000000000000010000001000001000000010101001
11111011010111000000000001100000001000000100000010101000
01111111111111111110111100100000001000010000000010000100
01111111111111111110111101000000001000010100000010000100
01111111111111111110111101000000001000010100000010000100
01111111111111111110111100100000001000010000000010000100
11111100001110011111111111110000001001001000000010001111
11111100010001011111111111110000001001001100000010001111
11111100010001011111111111110000001001001100000010001111
11111100001110011111111111110000001001001000000010001111
01111111111111111110110100010000000010111100000010111100
01111111111111111110110101100000000010011100000010111110
01111111111111111110110101100000000010011100000010111110
01111111111111111110110100010000000010111100000010111100
11111011100101011111111111110000001001001000000010110101
11111011101000011111111111110000001000101000000010110110
11111011101000011111111111110000001000101000000010110110
11111011100101011111111111110000001001001000000010110101
01111111111111011111111111111111110001111100000010011100
01111111111111011111111111111111110010000000000010011110
01111111111111011111111111111111110010000000000010011110
01111111111111011111111111111111110001111100000010011100
11111011111010000000001100010111111111111100000011001100
11111100000000000000001010010111111111111100000011001110
11111100000000000000001010010111111111111100000011001110
11111011111010000000001100010111111111111100000011001100
01111111111111111111000001010111111111111100000010100111
01111111111111111111000010100111111111111100000010101001
01111111111111111111000010100111111111111100000010101001
01111111111111111111000001010111111111111100000010100111
11111011110100000000011111010111111111111100000010011100
11111011110111000000011111100111111111111100000010011100
11111011110111000000011111100111111111111100000010011100
11111011110100000000011111010111111111111100000010011100
11111100011011011111111111110111111111111100000010111001
11111100100001011111111111110111111111111100000010111010
11111100100001011111111111110111111111111100000010111010
11111100011011011111111111110111111111111100000010111001
01111111111111011111111111111111110000011000000010000111
01111111111111011111111111111111110001111000000001101000
01111111111111011111111111111111110001111000000001101000
01111111111111011111111111111111110000011000000010000111
01111111111111111110111111010111111111111100000011101000
01111111111111111111000010110111111111111100000011001110
01111111111111111111000010110111111111111100000011001110
01111111111111111110111111010111111111111100000011101000
11111100101010011111111111110111111111111100000011110011
11111100101111011111111111110111111111111100000011100110
11111100101111011111111111110111111111111100000011100110
11111100101010011111111111110111111111111100000011110011
11111011011000000000100000100000001010100001111111111111
11111011011011000000100000110000001010100101111111111111
11111011011011000000100000110000001010100101111111111111
11111011011000000000100000100000001010100001111111111111
11111011010001000000001100010000001011110001111111111111
11111011010101000000001010110000001011111001111111111111
11111011010101000000001010110000001011111001111111111111
11111011010001000000001100010000001011110001111111111111
01111111111111111110111001010000001011010001111111111111
01111111111111111110111010000000001011011001111111111111
01111111111111111110111010000000001011011001111111111111
01111111111111111110111001010000001011010001111111111111
11111011111011011111111111110000001100110101111111111111
11111100000000011111111111110000001100111001111111111111
11111100000000011111111111110000001100111001111111111111
11111011111011011111111111110000001100110101111111111111
01111111111111111111000001110000001000011001111111111111
01111111111111111111000110000000000110111101111111111111
01111111111111111111000110000000000110111101111111111111
01111111111111111111000001110000001000011001111111111111
11111011111101011111111111110000001110100101111111111111
11111100001000011111111111110000001101011001111111111111
11111100001000011111111111110000001101011001111111111111
11111011111101011111111111110000001110100101111111111111
01111111111111011111111111111111110010101001111111111111
01111111111111011111111111111111110010111001111111111111
01111111111111011111111111111111110010111001111111111111
01111111111111011111111111111111110010101001111111111111
11111100000110000000100010010111111111111101111111111111
11111100010011000000011110000111111111111101111111111111
11111100010011000000011110000111111111111101111111111111
11111100000110000000100010010111111111111101111111111111
01111111111111111110111111010111111111111101111111111111
01111111111111111111000001010111111111111101111111111111
01111111111111111111000001010111111111111101111111111111
01111111111111111110111111010111111111111101111111111111
11111100000111011111111111110111111111111101111111111111
11111100010000011111111111110111111111111101111111111111
11111100010000011111111111110111111111111101111111111111
11111100000111011111111111110111111111111101111111111111
01111111111111011111111111110111111111111101111111111111
01111111111111011111111111110111111111111101111111111111
01111111111111011111111111110111111111111101111111111111
01111111111111011111111111110111111111111101111111111111
01111111111111011111111111110111111111111101111111111111
01111111111111011111111111110111111111111101111111111111
01111111111111011111111111110111111111111101111111111111
01111111111111011111111111110111111111111101111111111111
01111111111111011111111111110111111111111101111111111111
01111111111111011111111111110111111111111101111111111111
01111111111111011111111111110111111111111101111111111111
01111111111111011111111111110111111111111101111111111111
01111111111111011111111111110111111111111101111111111111
01111111111111011111111111110111111111111101111111111111
01111111111111011111111111110111111111111101111111111111
01111111111111011111111111110111111111111101111111111111
01111111111111011111111111110111111111111101111111111111
01111111111111011111111111110111111111111101111111111111
01111111111111011111111111110111111111111101111111111111
01111111111111011111111111110111111111111101111111111111
01111111111111011111111111110111111111111101111111111111
01111111111111011111111111110111111111111101111111111111
01111111111111011111111111110111111111111101111111111111
01111111111111011111111111110111111111111101111111111111
01111111111111011111111111110111111111111101111111111111
01111111111111011111111111110111111111111101111111111111
01111111111111011111111111110111111111111101111111111111
01111111111111011111111111110111111111111101111111111111
01111111111111011111111111110111111111111101111111111111
01111111111111011111111111110111111111111101111111111111
01111111111111011111111111110111111111111101111111111111
01111111111111011111111111110111111111111101111111111111
01111111111111011111111111110111111111111101111111111111
01111111111111011111111111110111111111111101111111111111
01111111111111011111111111110111111111111101111111111111
01111111111111011111111111110111111111111101111111111111
01111111111111011111111111110111111111111101111111111111
01111111111111011111111111110111111111111101111111111111
01111111111111011111111111110111111111111101111111111111
01111111111111011111111111110111111111111101111111111111
01111111111111011111111111110111111111111101111111111111
01111111111111011111111111110111111111111101111111111111
01111111111111011111111111110111111111111101111111111111
01111111111111011111111111110111111111111101111111111111
01111111111111011111111111110111111111111101111111111111
01111111111111011111111111110111111111111101111111111111
01111111111111011111111111110111111111111101111111111111
01111111111111011111111111110111111111111101111111111111
01111111111111011111111111110111111111111101111111111111
01111111111111011111111111110111111111111101111111111111
01111111111111011111111111110111111111111101111111111111
01111111111111011111111111110111111111111101111111111111
01111111111111011111111111110111111111111101111111111111
01111111111111011111111111110111111111111101111111111111
01111111111111011111111111110111111111111101111111111111
01111111111111011111111111110111111111111101111111111111
01111111111111011111111111110111111111111101111111111111
01111111111111011111111111110111111111111101111111111111
01111111111111011111111111110111111111111101111111111111
01111111111111011111111111110111111111111101111111111111
01111111111111011111111111110111111111111101111111111111
01111111111111011111111111110111111111111101111111111111
01111111111111011111111111110111111111111101111111111111
01111111111111011111111111110111111111111101111111111111
01111111111111011111111111110111111111111101111111111111
01111111111111011111111111110111111111111101111111111111
01111111111111011111111111110111111111111101111111111111
01111111111111011111111111110111111111111101111111111111
01111111111111011111111111110111111111111101111111111111
01111111111111011111111111110111111111111101111111111111
01111111111111011111111111110111111111111101111111111111
01111111111111011111111111110111111111111101111111111111
01111111111111011111111111110111111111111101111111111111
01111111111111011111111111110111111111111101111111111111
01111111111111011111111111110111111111111101111111111111
01111111111111011111111111110111111111111101111111111111
01111111111111011111111111110111111111111101111111111111
01111111111111011111111111110111111111111101111111111111
01111111111111011111111111110111111111111101111111111111
01111111111111011111111111110111111111111101111111111111
01111111111111011111111111110111111111111101111111111111
01111111111111011111111111110111111111111101111111111111
01111111111111011111111111110111111111111101111111111111
01111111111111011111111111110111111111111101111111111111
01111111111111011111111111110111111111111101111111111111
01111111111111011111111111110111111111111101111111111111
01111111111111011111111111110111111111111101111111111111
01111111111111011111111111110111111111111101111111111111
01111111111111011111111111110111111111111101111111111111
01111111111111011111111111110111111111111101111111111111
01111111111111011111111111110111111111111101111111111111
01111111111111011111111111110111111111111101111111111111
01111111111111011111111111110111111111111101111111111111
01111111111111011111111111110111111111111101111111111111
01111111111111011111111111110111111111111101111111111111
01111111111111011111111111110111111111111101111111111111
01111111111111011111111111110111111111111101111111111111
01111111111111011111111111110111111111111101111111111111
01111111111111011111111111110111111111111101111111111111
01111111111111011111111111110111111111111101111111111111
01111111111111011111111111110111111111111101111111111111
01111111111111011111111111110111111111111101111111111111
01111111111111011111111111110111111111111101111111111111
01111111111111011111111111110111111111111101111111111111
01111111111111011111111111110111111111111101111111111111
01111111111111011111111111110111111111111101111111111111
01111111111111011111111111110111111111111101111111111111
01111111111111011111111111110111111111111101111111111111
01111111111111011111111111110111111111111101111111111111
01111111111111011111111111110111111111111101111111111111
01111111111111011111111111110111111111111101111111111111
01111111111111011111111111110111111111111101111111111111
01111111111111011111111111110111111111111101111111111111
01111111111111011111111111110111111111111101111111111111
01111111111111011111111111110111111111111101111111111111
01111111111111011111111111110111111111111101111111111111
01111111111111011111111111110111111111111101111111111111
01111111111111011111111111110111111111111101111111111111
01111111111111011111111111110111111111111101111111111111
01111111111111011111111111110111111111111101111111111111
01111111111111011111111111110111111111111101111111111111
01111111111111011111111111110111111111111101111111111111
01111111111111011111111111110111111111111101111111111111
01111111111111011111111111110111111111111101111111111111
01111111111111011111111111110111111111111101111111111111
01111111111111011111111111110111111111111101111111111111
01111111111111011111111111110111111111111101111111111111
01111111111111011111111111110111111111111101111111111111
01111111111111011111111111110111111111111101111111111111
01111111111111011111111111110111111111111101111111111111
01111111111111011111111111110111111111111101111111111111
01111111111111011111111111110111111111111101111111111111
01111111111111011111111111110111111111111101111111111111
01111111111111011111111111110111111111111101111111111111
01111111111111011111111111110111111111111101111111111111
01111111111111011111111111110111111111111101111111111111
00000000010111000000000011011111111101111000000000000000
00000000010111000000000011011111111101111000000000000000
00000000011010111111111111100111111111111111111100001000
00000000011010111111111111100111111111111111111100001000
00000000011010111111111111101111110000011101111111111111
00000000011010111111111111101111110000011101111111111111
00000000011010011111111111111111111110001100000000100000
00000000011010011111111111111111111110001100000000100000
00000000010001011111111111111111101010111100000000101100
00000000010001011111111111111111101010111100000000101100
01111111111111111110111011010111111111111100000010011010
01111111111111111110111011010111111111111100000010011010
01111111111111011111111111111111111110010000000001110000
01111111111111011111111111111111111110010000000001110000
00000000011010011111111111110111111111111111111011111001
00000000011010011111111111110111111111111111111011111001
00000000011010011111111111111111101111100101111111111111
00000000011010011111111111111111101111100101111111111111
00000000011010111110111110010111111111111101111111111111
00000000011010111110111110010111111111111101111111111111
11111011111001011111111111110111111111111101111111111111
11111011111001011111111111110111111111111101111111111111
01111111111111000000000101101111111101110000000000101101
01111111111111000000000101101111111101110000000000101101
01111111111111000000000001010111111111111111111100101110
01111111111111000000000001010111111111111111111100101110
01111111111111000000000001011111110010110001111111111111
01111111111111000000000001011111110010110001111111111111
01111111111111111111001010100111111111111101111111111111
01111111111111111111001010100111111111111101111111111111
11111011000011111111111110100000000111110100000010100110
11111011000011111111111110100000000111110100000010100110
01111111111111111110110111110000000111110000000001111101
01111111111111111110110111110000000111110000000001111101
01111111111111111110101110000000000001110100000010110100
01111111111111111110101110000000000001110100000010110100
11111011001110011111111111110000000111110100000010100110
11111011001110011111111111110000000111110100000010100110
01111111111111011111111111111111110000101100000010001100
01111111111111011111111111111111110000101100000010001100
01111111111111011111111111111111101101111100000001011010
01111111111111011111111111111111101101111100000001011010
11111011011110000000000110100111111111111100000011000010
11111011011110000000000110100111111111111100000011000010
01111111111111111110110111000111111111111100000010111111
01111111111111111110110111000111111111111100000010111111
11111100001101011111111111110111111111111100000011001100
11111100001101011111111111110111111111111100000011001100
01111111111111011111111111110111111111111111111100110100
01111111111111011111111111110111111111111111111100110100
01111111111111111110110111100000000101101001111111111111
01111111111111111110110111100000000101101001111111111111
11111011011101011111111111110000001100000001111111111111
11111011011101011111111111110000001100000001111111111111
01111111111111011111111111111111110000110101111111111111
01111111111111011111111111111111110000110101111111111111
01111111111111011111111111110111111111111101111111111111
01111111111111011111111111110111111111111101111111111111
01111111111111011111111111110111111111111101111111111111
01111111111111011111111111110111111111111101111111111111
01111111111111011111111111110111111111111101111111111111
01111111111111011111111111110111111111111101111111111111
01111111111111011111111111110111111111111101111111111111
01111111111111011111111111110111111111111101111111111111
01111111111111011111111111110111111111111101111111111111
01111111111111011111111111110111111111111101111111111111
01111111111111011111111111110111111111111101111111111111
01111111111111011111111111110111111111111101111111111111
01111111111111011111111111110111111111111101111111111111
01111111111111011111111111110111111111111101111111111111
01111111111111011111111111110111111111111101111111111111
01111111111111011111111111110111111111111101111111111111
01111111111111011111111111110111111111111101111111111111
01111111111111011111111111110111111111111101111111111111
01111111111111011111111111110111111111111101111111111111
01111111111111011111111111110111111111111101111111111111
01111111111111011111111111110111111111111101111111111111
01111111111111011111111111110111111111111101111111111111
01111111111111011111111111110111111111111101111111111111
01111111111111011111111111110111111111111101111111111111
01111111111111011111111111110111111111111101111111111111
01111111111111011111111111110111111111111101111111111111
01111111111111011111111111110111111111111101111111111111
01111111111111011111111111110111111111111101111111111111
01111111111111011111111111110111111111111101111111111111
01111111111111011111111111110111111111111101111111111111
01111111111111011111111111110111111111111101111111111111
01111111111111011111111111110111111111111101111111111111
01111111111111011111111111110111111111111101111111111111
01111111111111011111111111110111111111111101111111111111
01111111111111011111111111110111111111111101111111111111
01111111111111011111111111110111111111111101111111111111
01111111111111011111111111110111111111111101111111111111
01111111111111011111111111110111111111111101111111111111
01111111111111011111111111110111111111111101111111111111
01111111111111011111111111110111111111111101111111111111
01111111111111011111111111110111111111111101111111111111
01111111111111011111111111110111111111111101111111111111
01111111111111011111111111110111111111111101111111111111
01111111111111011111111111110111111111111101111111111111
01111111111111011111111111110111111111111101111111111111
01111111111111011111111111110111111111111101111111111111
01111111111111011111111111110111111111111101111111111111
01111111111111011111111111110111111111111101111111111111
01111111111111011111111111110111111111111101111111111111
01111111111111011111111111110111111111111101111111111111
01111111111111011111111111110111111111111101111111111111
01111111111111011111111111110111111111111101111111111111
01111111111111011111111111110111111111111101111111111111
01111111111111011111111111110111111111111101111111111111
01111111111111011111111111110111111111111101111111111111
01111111111111011111111111110111111111111101111111111111
01111111111111011111111111110111111111111101111111111111
01111111111111011111111111110111111111111101111111111111
01111111111111011111111111110111111111111101111111111111
01111111111111011111111111110111111111111101111111111111
01111111111111011111111111110111111111111101111111111111
01111111111111011111111111110111111111111101111111111111
00000000010010000000000100110000000000010111111111100001
00000000010111000000000011011111111101111001111111111111
00000000010011000000000101010111111111111111111111100100
00000000010110111111110110110111111111111101111111111111
00000000011000011111111111110000000000110011111111100100
00000000011011011111111111111111111110011001111111111111
00000000011010011111111111110111111111111111111111101101
11111111001111011111111111110111111111111100000011011101
01111111111111000000000111010000000000101111111111011100
01111111111111000000000110001111111101111101111111111111
01111111111111000000001000000111111111111111111111100100
01111111111111011111111111110000000001101011111111100000
01111111111111111110000111000000000010111000000100001100
01111111111111011111111111111111100010100000000011100001
01111111111111111110000101000000001000000101111111111111
01111111111111011111111111110111111111111101111111111111
01111111111111011111111111110111111111111101111111111111
01111111111111011111111111110111111111111101111111111111
01111111111111011111111111110111111111111101111111111111
01111111111111011111111111110111111111111101111111111111
01111111111111111110001100000111111111111100000100010101
01111111111111011111111111110111111111111101111111111111
01111111111111011111111111110111111111111101111111111111
01111111111111011111111111110111111111111101111111111111
01111111111111011111111111110111111111111101111111111111
01111111111111011111111111110111111111111101111111111111
01111111111111011111111111110111111111111101111111111111
01111111111111011111111111110111111111111101111111111111
01111111111111011111111111110111111111111101111111111111
01111111111111011111111111110111111111111101111111111111
01111111111111011111111111110111111111111101111111111111
01111111111111011111111111110111111111111101111111111111
01111111111111011111111111110111111111111101111111111111
01111111111111011111111111110111111111111101111111111111
01111111111111011111111111110111111111111101111111111111
01111111111111011111111111110111111111111101111111111111
01111111111111011111111111110111111111111101111111111111
01111111111111011111111111110111111111111101111111111111
01111111111111011111111111110111111111111101111111111111
01111111111111011111111111110111111111111101111111111111
01111111111111011111111111110111111111111101111111111111
01111111111111011111111111110111111111111101111111111111
01111111111111011111111111110111111111111101111111111111
01111111111111011111111111110111111111111101111111111111
01111111111111011111111111110111111111111101111111111111
01111111111111011111111111110111111111111101111111111111
