000000000000000000000000000000000000000000000000000000000000
000000000000000000000000000000000000000000000000000000000000
000000000000000000000000000000000000000000000000000000000000
000000000000000000000000000000000000000000000000000000000000
000000000000000000000000000000000000000000000000000000000000
000000000101100000000000010110000000000000000000000000000000
000000000100101000000000010011000000000000000000000000000000
000000000011101000000000001111000000000000000000000000000000
000000000000000000000000000000000000000000000000000000000000
000000000000000000000000000000000000000000000000000000000000
000000000000000000000000000000000000000000000000000000000000
000000000000000000000000000000000000000000000000000000000000
000000000110000000000000011001000000000000000000000000000000
000000000100010000000000010001000000000000000000000000000000
000000000011110000000000001111000000000000000000000000000000
000000000011001000000000001100000000000000000000000000000000
