000000000000000000000000000000000000000000000000000000000000
000000000000000000000000000000000000000000000000000000000000
000000000000000000000000000000000000000000000000000000000000
111111110011010111111111100000000000000000000000000000000000
000000000000000000000000000000000000000000000000000000000000
111111110010111111111111100100000000000000000000000000000000
000000000000000000000000000000000000000000000000000000000000
111111110010100111111111011100000000000000000000000000000000
000000000000000000000000000000000000000000000000000000000000
111111110100101111111111101101000000000000000000000000000000
000000000000000000000000000000000000000000000000000000000000
111111110100010111111111100100000000000000000000000000000000
000000000000000000000000000000000000000000000000000000000000
111111110011000111111111100100000000000000000000000000000000
000000000000000000000000000000000000000000000000000000000000
111111110011101111111111100001000000000000000000000000000000
