000000000000000000000000000000000000000000000000000000000000
000000000000000000000000000000000000000000000000000000000000
000000000000000000000000000000000000000000000000000000000000
000000000000000000000000000000000000000000000000000000000000
000000000000000000000000000000000000000000000000000000000000
000000000000000000000000000000000000000000000000000000000000
000000000000000000000000000000000000000000000000000000000000
000000000000000000000000000000000000000000000000000000000000
000000000000000000000000000000000000000000000000000000000000
000000000000000000000000000000111111111010100000000101010101
000000000000000000000000000000111111110010010000000111010001
000000000000000000000000000000111111110010011000000111010001
000000000000000000000000000000111111100100001000001010100000
000000000000000000000000000000111111100100100000001010011010
000000000000000000000000000000111111110010110000000110010111
000000000000000000000000000000111111110010110000000110010111
