000000000000000000000000000000000000000000000000000000000000
000000000000000000000000000000000000000000000000000000000000
000000000000000000000000000000000000000000000000000000000000
000000000000000000000000000000000000000001010111111111010011
000000000000000000000000000000000000000000000000000000000000
000000000000000000000000000000000000000001011111111111100000
000000000000000000000000000000000000000000000000000000000000
000000000000000000000000000000000000000000000111111111111110
000000000000000000000000000000000000000000000000000000000000
000000000000000000000000000000000000000001010111111111101101
000000000000000000000000000000000000000000000000000000000000
000000000000000000000000000000000000000000000000000000000000
000000000000000000000000000000000000000000000000000000000000
000000000000000000000000000000000000000000001111111111111110
000000000000000000000000000000000000000000000000000000000000
000000000000000000000000000000000000000000000000000000000000
