000000000000000000000000000000000000000000000000000000000000
000000000000000000000000000000000000000000000000000000000000
000000000000000000000000000000000000000000000000000000000000
000000000000000000000000000000000000000000000000000000000000
000000000000000000000000000000000000000000000000000000000000
000000000000000000000000000000111111111001011000000110011101
000000000000000000000000000000111111100111100000001101000000
000000000000000000000000000000111111100111101000001100111110
000000000000000000000000000000000000000000000000000000000000
000000000000000000000000000000000000000000000000000000000000
000000000000000000000000000000000000000000000000000000000000
000000000000000000000000000000000000000000000000000000000000
000000000000000000000000000000000000011011010111111001101010
000000000000000000000000000000000000011010110111111001110011
000000000000000000000000000000111111111111010000000001101010
000000000000000000000000000000111111111111010000000001101010
