000000000000000000000000000000000000000000000000000000000000
000000000000000000000000000000000000000000000000000000000000
000000000000000000000000000000000000000000000000000000000000
000000000000000000000000000000000000000000000000000000000000
000000000000000000000000000000000000000000000000000000000000
000000000110100000000000100000000000000000000000000000000000
000000000100100000000000011000000000000000000000000000000000
000000000110010000000000011101000000000000000000000000000000
000000000000000000000000000000000000000000000000000000000000
000000000000000000000000000000000000000000000000000000000000
000000000000000000000000000000000000000000000000000000000000
000000000000000000000000000000000000000000000000000000000000
111111101000110111111111011011000000000000000000000000000000
000000000011111000000000010101000000000000000000000000000000
000000000001100000000000001101000000000000000000000000000000
000000000100000000000000010011000000000000000000000000000000
