000000000000000000000000000000000000000000000000000000000000
000000000000000000000000000000000000000000000000000000000000
000000000000000000000000000000000000000000000000000000000000
000000000000000000000000000000000000000000000000000000000000
000000000000000000000000000000000000000000000000000000000000
000000000000000000000000000000000000000000000000000000000000
000000000000000000000000000000000000000000000000000000000000
000000000000000000000000000000000000000000000000000000000000
000000000000000000000000000000000000000000000000000000000000
000000000011011000000000001110000000000000000000000000000000
000000000010110000000000001011000000000000000000000000000000
000000000010001000000000001000000000000000000000000000000000
000000000011000000000000001100000000000000000000000000000000
000000000010010000000000001001000000000000000000000000000000
000000000001111000000000001000000000000000000000000000000000
000000000001101000000000000110000000000000000000000000000000
