01111111111111011111111111110111111111111101111111111111
01111111111111011111111111110111111111111101111111111111
01111111111111011111111111110111111111111101111111111111
01111111111111011111111111110111111111111101111111111111
01111111111111011111111111110111111111111101111111111111
01111111111111011111111111110111111111111101111111111111
01111111111111011111111111110111111111111101111111111111
01111111111111011111111111110111111111111101111111111111
01111111111111011111111111110111111111111101111111111111
01111111111111011111111111110111111111111101111111111111
01111111111111011111111111110111111111111101111111111111
01111111111111011111111111110111111111111101111111111111
01111111111111011111111111110111111111111101111111111111
01111111111111011111111111110111111111111101111111111111
01111111111111011111111111110111111111111101111111111111
01111111111111011111111111110111111111111101111111111111
01111111111111011111111111110111111111111101111111111111
01111111111111011111111111110111111111111101111111111111
01111111111111011111111111110111111111111101111111111111
01111111111111011111111111110111111111111101111111111111
01111111111111011111111111110111111111111101111111111111
01111111111111011111111111110111111111111101111111111111
01111111111111011111111111110111111111111101111111111111
01111111111111011111111111110111111111111101111111111111
01111111111111011111111111110111111111111101111111111111
01111111111111011111111111110111111111111101111111111111
01111111111111011111111111110111111111111101111111111111
01111111111111011111111111110111111111111101111111111111
01111111111111011111111111110111111111111101111111111111
01111111111111011111111111110111111111111101111111111111
01111111111111011111111111110111111111111101111111111111
01111111111111011111111111110111111111111101111111111111
01111111111111011111111111110111111111111101111111111111
01111111111111011111111111110111111111111101111111111111
01111111111111011111111111110111111111111101111111111111
01111111111111011111111111110111111111111101111111111111
01111111111111011111111111110111111111111101111111111111
01111111111111011111111111110111111111111101111111111111
01111111111111011111111111110111111111111101111111111111
01111111111111011111111111110111111111111101111111111111
11111111111000111111111110110000000000010101111111111111
00000000011001111111111100101111111111111001111111111111
11111111101111000000001001101111111110110101111111111111
00000000001111000000000111001111111110010101111111111111
11111111110001111111111001000000000001101101111111111111
00000000010001111111110110100000000001001101111111111111
11111111100111000000000011100000000000001001111111111111
00000000001000000000000001011111111111101101111111111111
11111111110111111111111101110111111111111100000000000110
00000000011000111111111011000111111111111100000000000001
11111111101101000000001001010111111111111111111111110011
00000000001100000000000110100111111111111111111111101110
11111111110100111111111001100111111111111100000000010010
00000000010011111111110110110111111111111100000000001101
11111111101000000000000101000111111111111111111111111111
00000000001001000000000010010111111111111111111111111010
11111111110110011111111111111111111111101000000000000110
00000000010110011111111111111111111111000000000000000100
11111111101101011111111111110000000011001011111111100001
00000000001100011111111111110000000010100111111111011110
11111111110100011111111111111111111101011100000000100010
00000000010011011111111111111111111100111000000000011111
11111111101010011111111111110000000001000011111111111100
00000000001010011111111111110000000000011011111111111010
01111111111111111111111101011111111111101100000000001001
01111111111111000000001001001111111110110011111111111101
01111111111111111111111010000000000011010111111111100101
01111111111111000000000101010000000010011111111111011001
01111111111111111111111010111111111101100100000000100111
01111111111111000000000110001111111100101100000000011011
01111111111111111111110111000000000001010000000000000011
01111111111111000000000010110000000000010111111111110111
01111111111111011111111111110111111111111101111111111111
01111111111111011111111111110111111111111101111111111111
01111111111111011111111111110111111111111101111111111111
01111111111111011111111111110111111111111101111111111111
01111111111111011111111111110111111111111101111111111111
01111111111111011111111111110111111111111101111111111111
01111111111111011111111111110111111111111101111111111111
01111111111111011111111111110111111111111101111111111111
01111111111111011111111111110111111111111101111111111111
01111111111111011111111111110111111111111101111111111111
01111111111111011111111111110111111111111101111111111111
01111111111111011111111111110111111111111101111111111111
01111111111111011111111111110111111111111101111111111111
01111111111111011111111111110111111111111101111111111111
01111111111111011111111111110111111111111101111111111111
01111111111111011111111111110111111111111101111111111111
01111111111111011111111111110111111111111101111111111111
01111111111111011111111111110111111111111101111111111111
01111111111111011111111111110111111111111101111111111111
01111111111111011111111111110111111111111101111111111111
01111111111111011111111111110111111111111101111111111111
01111111111111011111111111110111111111111101111111111111
01111111111111011111111111110111111111111101111111111111
01111111111111011111111111110111111111111101111111111111
01111111111111011111111111110111111111111101111111111111
01111111111111011111111111110111111111111101111111111111
01111111111111011111111111110111111111111101111111111111
01111111111111011111111111110111111111111101111111111111
01111111111111011111111111110111111111111101111111111111
01111111111111011111111111110111111111111101111111111111
01111111111111011111111111110111111111111101111111111111
01111111111111011111111111110111111111111101111111111111
01111111111111011111111111110111111111111101111111111111
01111111111111011111111111110111111111111101111111111111
01111111111111011111111111110111111111111101111111111111
01111111111111011111111111110111111111111101111111111111
01111111111111011111111111110111111111111101111111111111
01111111111111011111111111110111111111111101111111111111
01111111111111011111111111110111111111111101111111111111
01111111111111011111111111110111111111111101111111111111
01111111111111011111111111110111111111111101111111111111
01111111111111011111111111110111111111111101111111111111
01111111111111011111111111110111111111111101111111111111
01111111111111011111111111110111111111111101111111111111
01111111111111011111111111110111111111111101111111111111
01111111111111011111111111110111111111111101111111111111
01111111111111011111111111110111111111111101111111111111
01111111111111011111111111110111111111111101111111111111
01111111111111011111111111110111111111111101111111111111
01111111111111011111111111110111111111111101111111111111
01111111111111011111111111110111111111111101111111111111
01111111111111011111111111110111111111111101111111111111
01111111111111011111111111110111111111111101111111111111
01111111111111011111111111110111111111111101111111111111
01111111111111011111111111110111111111111101111111111111
01111111111111011111111111110111111111111101111111111111
01111111111111011111111111110111111111111101111111111111
01111111111111011111111111110111111111111101111111111111
01111111111111011111111111110111111111111101111111111111
01111111111111011111111111110111111111111101111111111111
01111111111111011111111111110111111111111101111111111111
01111111111111011111111111110111111111111101111111111111
01111111111111011111111111110111111111111101111111111111
01111111111111011111111111110111111111111101111111111111
00000000000101111111111110001111111111101100000000000101
11111111111111000000000101111111111111001111111111111111
00000000000000111111111100000000000010001111111111101111
11111111111001000000000011100000000001101111111111101000
00000000000111111111111100101111111110010100000000011000
00000000000000000000000100001111111101110100000000010001
00000000000001111111111010010000000000110100000000000001
11111111111011000000000010000000000000010111111111111011
11111111110100011111111111111111111111101000000000000111
00000000011001011111111111111111111110101100000000000111
11111111101001011111111111110000000011110011111111011011
00000000001011011111111111110000000010111111111111011011
11111111110101011111111111111111111101000100000000100101
00000000010111011111111111111111111100010000000000100101
11111111100111011111111111110000000001010111111111111001
00000000001100011111111111110000000000011011111111111001
11111111110111111111111110110000000000010101111111111111
00000000011001111111111011110000000000000001111111111111
11111111101101000000001010011111111110110001111111111111
00000000001101000000000111011111111110011001111111111111
11111111110011111111111000110000000001101001111111111111
00000000010011111111110101110000000001010001111111111111
11111111100111000000000100010000000000000001111111111111
00000000001001000000000001011111111111101101111111111111
11111111110110111111111101100111111111111100000000000111
00000000011101111111111001010111111111111100000000000100
11111111100110000000001011010111111111111111111111110010
00000000001100000000000111000111111111111111111111101111
11111111110100111111111001000111111111111100000000010001
00000000011010111111110100110111111111111100000000001110
11111111100011000000000110110111111111111111111111111100
00000000001010000000000010100111111111111111111111111001
01111111111111111111111011111111111111100000000000001101
01111111111111000000001101011111111101111011111111111111
01111111111111111111110110100000000100111111111111011001
01111111111111000000000110110000000011100011111111001010
01111111111111111111111001011111111100100000000000110110
01111111111111000000001001101111111011000100000000100111
01111111111111111111110010110000000010001000000000000001
01111111111111000000000100010000000000100011111111110011
01111111111111011111111111110111111111111101111111111111
01111111111111011111111111110111111111111101111111111111
01111111111111011111111111110111111111111101111111111111
01111111111111011111111111110111111111111101111111111111
01111111111111011111111111110111111111111101111111111111
01111111111111011111111111110111111111111101111111111111
01111111111111011111111111110111111111111101111111111111
01111111111111011111111111110111111111111101111111111111
01111111111111011111111111110111111111111101111111111111
01111111111111011111111111110111111111111101111111111111
01111111111111011111111111110111111111111101111111111111
01111111111111011111111111110111111111111101111111111111
01111111111111011111111111110111111111111101111111111111
01111111111111011111111111110111111111111101111111111111
01111111111111011111111111110111111111111101111111111111
01111111111111011111111111110111111111111101111111111111
01111111111111011111111111110111111111111101111111111111
01111111111111011111111111110111111111111101111111111111
01111111111111011111111111110111111111111101111111111111
01111111111111011111111111110111111111111101111111111111
01111111111111011111111111110111111111111101111111111111
01111111111111011111111111110111111111111101111111111111
01111111111111011111111111110111111111111101111111111111
01111111111111011111111111110111111111111101111111111111
01111111111111011111111111110111111111111101111111111111
01111111111111011111111111110111111111111101111111111111
01111111111111011111111111110111111111111101111111111111
01111111111111011111111111110111111111111101111111111111
01111111111111011111111111110111111111111101111111111111
01111111111111011111111111110111111111111101111111111111
01111111111111011111111111110111111111111101111111111111
01111111111111011111111111110111111111111101111111111111
01111111111111011111111111110111111111111101111111111111
01111111111111011111111111110111111111111101111111111111
01111111111111011111111111110111111111111101111111111111
01111111111111011111111111110111111111111101111111111111
01111111111111011111111111110111111111111101111111111111
01111111111111011111111111110111111111111101111111111111
01111111111111011111111111110111111111111101111111111111
01111111111111011111111111110111111111111101111111111111
01111111111111011111111111110111111111111101111111111111
01111111111111011111111111110111111111111101111111111111
01111111111111011111111111110111111111111101111111111111
01111111111111011111111111110111111111111101111111111111
01111111111111011111111111110111111111111101111111111111
01111111111111011111111111110111111111111101111111111111
01111111111111011111111111110111111111111101111111111111
01111111111111011111111111110111111111111101111111111111
01111111111111011111111111110111111111111101111111111111
01111111111111011111111111110111111111111101111111111111
01111111111111011111111111110111111111111101111111111111
01111111111111011111111111110111111111111101111111111111
01111111111111011111111111110111111111111101111111111111
01111111111111011111111111110111111111111101111111111111
01111111111111011111111111110111111111111101111111111111
01111111111111011111111111110111111111111101111111111111
01111111111111011111111111110111111111111101111111111111
01111111111111011111111111110111111111111101111111111111
01111111111111011111111111110111111111111101111111111111
01111111111111011111111111110111111111111101111111111111
01111111111111011111111111110111111111111101111111111111
01111111111111011111111111110111111111111101111111111111
01111111111111011111111111110111111111111101111111111111
01111111111111011111111111110111111111111101111111111111
11111111111110000000000000000111111111111101111111111111
00000000001010111111111110010111111111111101111111111111
11111111110110000000000001110111111111111101111111111111
00000000000010000000000000000111111111111101111111111111
01111111111111111111111111100000000000000001111111111111
01111111111111000000000011001111111111100001111111111111
01111111111111111111111101000000000000100001111111111111
01111111111111000000000000100000000000000001111111111111
01111111111111011111111111110111111111111101111111111111
01111111111111011111111111110111111111111101111111111111
01111111111111011111111111110111111111111101111111111111
01111111111111011111111111110111111111111101111111111111
01111111111111011111111111110111111111111101111111111111
01111111111111011111111111110111111111111101111111111111
01111111111111011111111111110111111111111101111111111111
01111111111111011111111111110111111111111101111111111111
01111111111111011111111111110111111111111101111111111111
01111111111111011111111111110111111111111101111111111111
01111111111111011111111111110111111111111101111111111111
01111111111111011111111111110111111111111101111111111111
01111111111111011111111111110111111111111101111111111111
01111111111111011111111111110111111111111101111111111111
01111111111111011111111111110111111111111101111111111111
01111111111111011111111111110111111111111101111111111111
01111111111111011111111111110111111111111101111111111111
01111111111111011111111111110111111111111101111111111111
01111111111111011111111111110111111111111101111111111111
01111111111111011111111111110111111111111101111111111111
01111111111111011111111111110111111111111101111111111111
01111111111111011111111111110111111111111101111111111111
01111111111111011111111111110111111111111101111111111111
01111111111111011111111111110111111111111101111111111111
01111111111111011111111111110111111111111101111111111111
01111111111111011111111111110111111111111101111111111111
01111111111111011111111111110111111111111101111111111111
01111111111111011111111111110111111111111101111111111111
00000000000101111111111110110000000000000001111111111111
00000000000000000000000101011111111111001001111111111111
00000000000000111111111010110000000000111001111111111111
11111111111011000000000001010000000000000001111111111111
00000000000100111111111110000111111111111100000000000010
11111111111111000000000101000111111111111111111111110111
00000000000001111111111011000111111111111100000000001001
11111111111100000000000010000111111111111111111111111110
00000000000011011111111111111111111111100100000000000011
11111111111110011111111111110000000001111111111111101010
00000000000010011111111111111111111110000100000000010110
11111111111101011111111111110000000000011111111111111101
11111111111010000000000000010111111111111101111111111111
00000000011000111111111011110111111111111101111111111111
11111111101000000000000100010111111111111101111111111111
00000000000110111111111111110111111111111101111111111111
11111111110111011111111111110000000000001001111111111111
00000000010110011111111111111111111111011001111111111111
11111111101010011111111111110000000000101001111111111111
00000000001001011111111111111111111111111001111111111111
11111111110101011111111111110111111111111100000000000010
00000000010011011111111111110111111111111111111111111010
11111111101101011111111111110111111111111100000000000110
00000000001011011111111111110111111111111111111111111110
01111111111111111111111110010000000000001101111111111111
01111111111111000000001000111111111110011101111111111111
01111111111111111111110111010000000001100101111111111111
01111111111111000000000001111111111111110101111111111111
01111111111111111111111101000111111111111100000000000101
01111111111111000000000111110111111111111111111111110000
01111111111111111111111000010111111111111100000000010000
01111111111111000000000011000111111111111111111111111011
01111111111111000000000001101111111111101000000000000001
01111111111111000000000000000000000001100011111111101111
01111111111111000000000000001111111110100000000000010001
01111111111111111111111110100000000000011011111111111111
01111111111111011111111111111111111111100000000000000101
01111111111111011111111111110000000010110011111111100000
01111111111111011111111111111111111101010000000000100000
01111111111111011111111111110000000000100011111111111011
01111111111111011111111111110111111111111101111111111111
01111111111111011111111111110111111111111101111111111111
01111111111111011111111111110111111111111101111111111111
01111111111111011111111111110111111111111101111111111111
01111111111111011111111111110111111111111101111111111111
01111111111111011111111111110111111111111101111111111111
01111111111111011111111111110111111111111101111111111111
01111111111111011111111111110111111111111101111111111111
01111111111111011111111111110111111111111101111111111111
01111111111111011111111111110111111111111101111111111111
01111111111111011111111111110111111111111101111111111111
01111111111111011111111111110111111111111101111111111111
01111111111111011111111111110111111111111101111111111111
01111111111111011111111111110111111111111101111111111111
01111111111111011111111111110111111111111101111111111111
01111111111111011111111111110111111111111101111111111111
01111111111111011111111111110111111111111101111111111111
01111111111111011111111111110111111111111101111111111111
01111111111111011111111111110111111111111101111111111111
01111111111111011111111111110111111111111101111111111111
01111111111111011111111111110111111111111101111111111111
01111111111111011111111111110111111111111101111111111111
01111111111111011111111111110111111111111101111111111111
01111111111111011111111111110111111111111101111111111111
01111111111111011111111111110111111111111101111111111111
01111111111111011111111111110111111111111101111111111111
01111111111111011111111111110111111111111101111111111111
01111111111111011111111111110111111111111101111111111111
01111111111111011111111111110111111111111101111111111111
01111111111111011111111111110111111111111101111111111111
01111111111111011111111111110111111111111101111111111111
01111111111111011111111111110111111111111101111111111111
01111111111111011111111111110111111111111101111111111111
01111111111111011111111111110111111111111101111111111111
01111111111111011111111111110111111111111101111111111111
01111111111111011111111111110111111111111101111111111111
01111111111111011111111111110111111111111101111111111111
01111111111111011111111111110111111111111101111111111111
01111111111111011111111111110111111111111101111111111111
01111111111111011111111111110111111111111101111111111111
01111111111111011111111111110111111111111101111111111111
01111111111111011111111111110111111111111101111111111111
01111111111111011111111111110111111111111101111111111111
01111111111111011111111111110111111111111101111111111111
01111111111111011111111111110111111111111101111111111111
01111111111111011111111111110111111111111101111111111111
01111111111111011111111111110111111111111101111111111111
01111111111111011111111111110111111111111101111111111111
01111111111111011111111111110111111111111101111111111111
01111111111111011111111111110111111111111101111111111111
01111111111111011111111111110111111111111101111111111111
01111111111111011111111111110111111111111101111111111111
01111111111111011111111111110111111111111101111111111111
01111111111111011111111111110111111111111101111111111111
01111111111111011111111111110111111111111101111111111111
01111111111111011111111111110111111111111101111111111111
00000000000001000000000001011111111111100100000000000001
11111111111110000000000000000000000001100011111111110000
00000000000010000000000000001111111110100000000000010000
11111111111111111111111110110000000000011111111111111111
00000000000101011111111111111111111111011000000000000101
11111111111100011111111111110000000010100111111111100100
00000000000100011111111111111111111101011100000000011100
11111111111011011111111111110000000000101011111111111011
00000000000101111111111101110111111111111100000000000010
11111111111101000000000101000111111111111111111111110111
00000000000011111111111011000111111111111100000000001001
11111111111011000000000010010111111111111111111111111110
00000000000101111111111110100000000000000101111111111111
11111111111111000000000101101111111111000101111111111111
00000000000001111111111010100000000000111101111111111111
11111111111011000000000001101111111111111101111111111111
01111111111111000000000010001111111111011100000000000010
01111111111111111111111111100000000001111111111111101011
01111111111111000000000000101111111110000100000000010101
01111111111111111111111110000000000000100111111111111110
11111111110011011111111111110111111111111100000000000011
00000000010101011111111111110111111111111111111111111010
11111111101011011111111111110111111111111100000000000110
00000000001101011111111111110111111111111111111111111101
01111111111111111111111101010000000000010101111111111111
01111111111111000000001011011111111110000101111111111111
01111111111111111111110100110000000001111101111111111111
01111111111111000000000010111111111111101101111111111111
01111111111111011111111111111111111110101100000000001110
01111111111111011111111111110000000101110011111110111101
01111111111111011111111111111111111010010000000001000011
01111111111111011111111111110000000001010111111111110010
11111111110110011111111111110000000000001001111111111111
00000000010101011111111111111111111111011101111111111111
11111111101011011111111111110000000000100101111111111111
00000000001010011111111111111111111111111001111111111111
11111111111001000000000000010111111111111101111111111111
00000000011001111111111011110111111111111101111111111111
11111111100111000000000100010111111111111101111111111111
00000000000111111111111111110111111111111101111111111111
01111111111111111111111011010111111111111100000000001000
01111111111111000000001011010111111111111111111111101010
01111111111111111111110100110111111111111100000000010110
01111111111111000000000100110111111111111111111111111000
01111111111111011111111111110111111111111101111111111111
01111111111111011111111111110111111111111101111111111111
01111111111111011111111111110111111111111101111111111111
01111111111111011111111111110111111111111101111111111111
01111111111111011111111111110111111111111101111111111111
01111111111111011111111111110111111111111101111111111111
01111111111111011111111111110111111111111101111111111111
01111111111111011111111111110111111111111101111111111111
01111111111111011111111111110111111111111101111111111111
01111111111111011111111111110111111111111101111111111111
01111111111111011111111111110111111111111101111111111111
01111111111111011111111111110111111111111101111111111111
01111111111111011111111111110111111111111101111111111111
01111111111111011111111111110111111111111101111111111111
01111111111111011111111111110111111111111101111111111111
01111111111111011111111111110111111111111101111111111111
01111111111111011111111111110111111111111101111111111111
01111111111111011111111111110111111111111101111111111111
01111111111111011111111111110111111111111101111111111111
01111111111111011111111111110111111111111101111111111111
01111111111111011111111111110111111111111101111111111111
01111111111111011111111111110111111111111101111111111111
01111111111111011111111111110111111111111101111111111111
01111111111111011111111111110111111111111101111111111111
01111111111111011111111111110111111111111101111111111111
01111111111111011111111111110111111111111101111111111111
01111111111111011111111111110111111111111101111111111111
01111111111111011111111111110111111111111101111111111111
01111111111111011111111111110111111111111101111111111111
01111111111111011111111111110111111111111101111111111111
01111111111111011111111111110111111111111101111111111111
01111111111111011111111111110111111111111101111111111111
01111111111111011111111111110111111111111101111111111111
01111111111111011111111111110111111111111101111111111111
01111111111111011111111111110111111111111101111111111111
01111111111111011111111111110111111111111101111111111111
01111111111111011111111111110111111111111101111111111111
01111111111111011111111111110111111111111101111111111111
01111111111111011111111111110111111111111101111111111111
01111111111111011111111111110111111111111101111111111111
01111111111111011111111111110111111111111101111111111111
01111111111111011111111111110111111111111101111111111111
01111111111111011111111111110111111111111101111111111111
01111111111111011111111111110111111111111101111111111111
01111111111111011111111111110111111111111101111111111111
01111111111111011111111111110111111111111101111111111111
01111111111111011111111111110111111111111101111111111111
01111111111111011111111111110111111111111101111111111111
01111111111111011111111111110111111111111101111111111111
01111111111111011111111111110111111111111101111111111111
01111111111111011111111111110111111111111101111111111111
01111111111111011111111111110111111111111101111111111111
01111111111111011111111111110111111111111101111111111111
01111111111111011111111111110111111111111101111111111111
01111111111111011111111111110111111111111101111111111111
01111111111111011111111111110111111111111101111111111111
01111111111111011111111111110111111111111101111111111111
01111111111111011111111111110111111111111101111111111111
01111111111111011111111111110111111111111101111111111111
01111111111111011111111111110111111111111101111111111111
01111111111111011111111111110111111111111101111111111111
01111111111111011111111111110111111111111101111111111111
01111111111111011111111111110111111111111101111111111111
01111111111111011111111111110111111111111101111111111111
01111111111111011111111111110111111111111101111111111111
01111111111111011111111111110111111111111101111111111111
01111111111111011111111111110111111111111101111111111111
01111111111111011111111111110111111111111101111111111111
01111111111111011111111111110111111111111101111111111111
01111111111111011111111111110111111111111101111111111111
01111111111111011111111111110111111111111101111111111111
01111111111111011111111111110111111111111101111111111111
01111111111111011111111111110111111111111101111111111111
01111111111111011111111111110111111111111101111111111111
01111111111111011111111111110111111111111101111111111111
01111111111111011111111111110111111111111101111111111111
01111111111111011111111111110111111111111101111111111111
01111111111111011111111111110111111111111101111111111111
01111111111111011111111111110111111111111101111111111111
01111111111111011111111111110111111111111101111111111111
01111111111111011111111111110111111111111101111111111111
01111111111111011111111111110111111111111101111111111111
01111111111111011111111111110111111111111101111111111111
01111111111111011111111111110111111111111101111111111111
01111111111111011111111111110111111111111101111111111111
01111111111111011111111111110111111111111101111111111111
01111111111111011111111111110111111111111101111111111111
01111111111111011111111111110111111111111101111111111111
01111111111111011111111111110111111111111101111111111111
01111111111111011111111111110111111111111101111111111111
01111111111111011111111111110111111111111101111111111111
01111111111111011111111111110111111111111101111111111111
01111111111111011111111111110111111111111101111111111111
01111111111111011111111111110111111111111101111111111111
01111111111111011111111111110111111111111101111111111111
01111111111111011111111111110111111111111101111111111111
11111111111110011111111111110111111111111101111111111111
00000000000010011111111111110111111111111101111111111111
01111111111111000000000001000111111111111111111111111110
01111111111111111111111111000111111111111100000000000010
01111111111111011111111111110111111111111101111111111111
01111111111111011111111111110111111111111101111111111111
01111111111111011111111111110111111111111101111111111111
01111111111111011111111111110111111111111101111111111111
01111111111111011111111111110111111111111101111111111111
01111111111111011111111111110111111111111101111111111111
01111111111111011111111111110111111111111101111111111111
01111111111111011111111111110111111111111101111111111111
01111111111111011111111111110111111111111101111111111111
01111111111111011111111111110111111111111101111111111111
01111111111111011111111111110111111111111101111111111111
01111111111111011111111111110111111111111101111111111111
01111111111111011111111111110111111111111101111111111111
01111111111111011111111111110111111111111101111111111111
01111111111111011111111111110111111111111101111111111111
01111111111111011111111111110111111111111101111111111111
01111111111111011111111111110111111111111101111111111111
01111111111111011111111111110111111111111101111111111111
00000000000001000000000001011111111111110001111111111111
11111111111111111111111110110000000000010001111111111111
00000000000000000000000001000111111111111111111111111110
00000000000000111111111111000111111111111100000000000010
00000000000101111111111111000111111111111101111111111111
11111111111011000000000001000111111111111101111111111111
00000000000100011111111111111111111111111001111111111111
11111111111100011111111111110000000000001001111111111111
00000000000010011111111111110111111111111111111111111111
11111111111110011111111111110111111111111100000000000001
11111111111011011111111111110111111111111101111111111111
00000000000101011111111111110111111111111101111111111111
01111111111111000000000001101111111111101101111111111111
01111111111111111111111110100000000000010101111111111111
01111111111111111111111111100111111111111101111111111111
01111111111111000000000000100111111111111101111111111111
01111111111111011111111111111111111111111101111111111111
01111111111111011111111111110000000000000101111111111111
01111111111111011111111111110111111111111100000000000000
01111111111111011111111111110111111111111100000000000000
01111111111111011111111111110111111111111101111111111111
01111111111111011111111111110111111111111101111111111111
01111111111111011111111111110111111111111101111111111111
01111111111111011111111111110111111111111101111111111111
01111111111111011111111111110111111111111101111111111111
01111111111111011111111111110111111111111101111111111111
01111111111111011111111111110111111111111101111111111111
01111111111111011111111111110111111111111101111111111111
01111111111111011111111111110111111111111101111111111111
01111111111111011111111111110111111111111101111111111111
01111111111111011111111111110111111111111101111111111111
01111111111111011111111111110111111111111101111111111111
00000000000000000000000000100000000000011111111111111010
00000000000000111111111111101111111111100100000000000110
00000000000000011111111111110000000000101011111111111001
00000000000000011111111111111111111111011000000000000111
00000000000001000000000001101111111111101101111111111111
11111111111111111111111110100000000000010101111111111111
00000000000000000000000001010111111111111111111111111101
00000000000000111111111110110111111111111100000000000011
00000000000101111111111110110111111111111101111111111111
11111111111011000000000001010111111111111101111111111111
00000000000101011111111111111111111111110101111111111111
11111111111011011111111111110000000000001101111111111111
00000000000100011111111111110111111111111111111111111111
11111111111100011111111111110111111111111100000000000001
01111111111111000000000010011111111111101001111111111111
01111111111111111111111101110000000000011001111111111111
01111111111111000000000000100000000000100011111111111001
01111111111111111111111111101111111111100000000000000111
01111111111111011111111111110000000000110011111111110111
01111111111111011111111111111111111111010000000000001001
01111111111111011111111111110111111111111101111111111111
01111111111111011111111111110111111111111101111111111111
01111111111111011111111111110111111111111101111111111111
01111111111111011111111111110111111111111101111111111111
01111111111111011111111111110111111111111101111111111111
01111111111111011111111111110111111111111101111111111111
01111111111111011111111111110111111111111101111111111111
01111111111111011111111111110111111111111101111111111111
01111111111111011111111111110111111111111101111111111111
01111111111111011111111111110111111111111101111111111111
01111111111111011111111111110111111111111101111111111111
01111111111111011111111111110111111111111101111111111111
01111111111111011111111111110111111111111101111111111111
01111111111111011111111111110111111111111101111111111111
01111111111111011111111111110111111111111101111111111111
01111111111111011111111111110111111111111101111111111111
01111111111111011111111111110111111111111101111111111111
01111111111111011111111111110111111111111101111111111111
01111111111111011111111111110111111111111101111111111111
01111111111111011111111111110111111111111101111111111111
01111111111111011111111111110111111111111101111111111111
01111111111111011111111111110111111111111101111111111111
01111111111111011111111111110111111111111101111111111111
01111111111111011111111111110111111111111101111111111111
01111111111111011111111111110111111111111101111111111111
01111111111111011111111111110111111111111101111111111111
01111111111111011111111111110111111111111101111111111111
01111111111111011111111111110111111111111101111111111111
01111111111111011111111111110111111111111101111111111111
01111111111111011111111111110111111111111101111111111111
01111111111111011111111111110111111111111101111111111111
01111111111111011111111111110111111111111101111111111111
01111111111111011111111111110111111111111101111111111111
01111111111111011111111111110111111111111101111111111111
01111111111111011111111111110111111111111101111111111111
01111111111111011111111111110111111111111101111111111111
01111111111111011111111111110111111111111101111111111111
01111111111111011111111111110111111111111101111111111111
01111111111111011111111111110111111111111101111111111111
01111111111111011111111111110111111111111101111111111111
01111111111111011111111111110111111111111101111111111111
01111111111111011111111111110111111111111101111111111111
01111111111111011111111111110111111111111101111111111111
01111111111111011111111111110111111111111101111111111111
01111111111111011111111111110111111111111101111111111111
01111111111111011111111111110111111111111101111111111111
00000000000000000000000000000111111111111101111111111111
00000000000000011111111111110111111111111101111111111111
01111111111111011111111111110111111111111101111111111111
01111111111111011111111111110111111111111101111111111111
01111111111111011111111111110111111111111101111111111111
01111111111111011111111111110111111111111101111111111111
01111111111111011111111111110111111111111101111111111111
01111111111111011111111111110111111111111101111111111111
01111111111111000000000000000111111111111101111111111111
00000000000000000000000000000000000000000000000000000000
00000000000000000000000000000000000000000001111111111111
00000000000000000000000000000111111111111101111111111111
00000000000000011111111111110000000000000001111111111111
00000000000000011111111111110000000000000000000000000000
00000000000000000000000000000111111111111100000000000000
00000000000000011111111111110111111111111100000000000000
01111111111111000000000000000000000000000001111111111111
01111111111111000000000010000111111111111111111111111100
01111111111111000000000000000000000000000000000000000000
01111111111111000000000000000111111111111100000000000000
01111111111111011111111111110000000000000000000000000000
01111111111111011111111111110111111111111101111111111111
01111111111111011111111111110111111111111101111111111111
01111111111111011111111111110111111111111101111111111111
01111111111111011111111111110111111111111101111111111111
01111111111111011111111111110111111111111101111111111111
01111111111111011111111111110111111111111101111111111111
01111111111111011111111111110111111111111101111111111111
01111111111111011111111111110111111111111101111111111111
01111111111111011111111111110111111111111101111111111111
01111111111111011111111111110111111111111101111111111111
01111111111111011111111111110111111111111101111111111111
01111111111111011111111111110111111111111101111111111111
01111111111111011111111111110111111111111101111111111111
