000000000000000000000000000000000000000000000000000000000000
000000000000000000000000000000000000000000000000000000000000
000000000000000000000000000000000000000000000000000000000000
000000000000110000000000001100000000000000000000000000000000
000000000000000000000000000000000000000000000000000000000000
000000000000000000000000000000000000000000000000000000000000
111111101101010111111111010111000000000000000000000000000000
111111111111100000000000000111000000000000000000000000000000
000000000000000000000000000000000000000000000000000000000000
000000000000000000000000000000000000000000000000000000000000
111111101101000111111111010110000000000000000000000000000000
000000000000000000000000001001000000000000000000000000000000
000000000000000000000000000000000000000000000000000000000000
000000000000000000000000000000000000000000000000000000000000
111111101111100111111111011110000000000000000000000000000000
111111111111001000000000000101000000000000000000000000000000
