a000e01f a00fffff 51000003 51000007
b0000000 b0000000 51000003 51000007
c0000000 c0000001 51000003 51000007
d0000000 d0000001 51000003 51000007
e0000000 e0000001 51000003 51000007
f0000000 f0000001 51000003 51000007
00000000 00000001 51000003 51000007
10000000 10000001 51000003 51000007
20000000 20000001 51000003 51000007
30000000 30000001 51000003 51000007
40000000 40000001 51000003 51000007
50000000 50000001 51000003 51000007
60000000 60000001 51000003 51000007
70000000 70000001 51000003 51000007
80000000 80000001 51000003 51000007
90000000 90000001 51000003 51000007
a0000000 a0000001 51000003 51000007
b0000000 b0000001 51000003 51000007
c0000000 c0000001 51000003 51000007
d0000000 d0000001 51000003 51000007
e0000000 e0000001 51000003 51000007
f0000000 f0000001 51000003 51000007
00000000 00000001 51000003 51000007
1000e000 10000000 51000003 51000007
a000e03f a00fffff 51000003 51000007
b0000000 b0000000 51000003 51000007
c0000000 c0000001 51000003 51000007
d0000000 d0000001 51000003 51000007
e0000000 e0000001 51000003 51000007
f0000000 f0000001 51000003 51000007
00000000 00000001 51000003 51000007
10000000 10000001 51000003 51000007
20000000 20000001 51000003 51000007
30000000 30000001 51000003 51000007
40000000 40000001 51000003 51000007
50000000 50000001 51000003 51000007
60000000 60000001 51000003 51000007
70000000 70000001 51000003 51000007
80000000 80000001 51000003 51000007
90000000 90000001 51000003 51000007
a0000000 a0000001 51000003 51000007
b0000000 b0000001 51000003 51000007
c0000000 c0000001 51000003 51000007
d0000000 d0000001 51000003 51000007
e0000000 e0000001 51000003 51000007
f0000000 f0000001 51000003 51000007
00000000 00000001 51000003 51000007
1000e020 10000000 51000003 51000007
a000e05f a00fffff 51000003 51000007
b0000000 b0000000 51000003 51000007
c0000000 c0000001 51000003 51000007
d0000000 d0000001 51000003 51000007
e0000000 e0000001 51000003 51000007
f0000000 f0000001 51000003 51000007
00000000 00000001 51000003 51000007
10000000 10000001 51000003 51000007
20000000 20000001 51000003 51000007
30000000 30000001 51000003 51000007
40000000 40000001 51000003 51000007
50000000 50000001 51000003 51000007
60000000 60000001 51000003 51000007
70000000 70000001 51000003 51000007
80000000 80000001 51000003 51000007
90000000 90000001 51000003 51000007
a0000000 a0000001 51000003 51000007
b0000000 b0000001 51000003 51000007
c0000000 c0000001 51000003 51000007
d0000000 d0000001 51000003 51000007
e0000000 e0000001 51000003 51000007
f0000000 f0000001 51000003 51000007
00000000 00000001 51000003 51000007
1000e040 10000000 51000003 51000007
a000e07f a00fffff 51000003 51000007
b0000000 b0000000 51000003 51000007
c0000000 c0000001 51000003 51000007
d0000000 d0000001 51000003 51000007
e0000000 e0000001 51000003 51000007
f0000000 f0000001 51000003 51000007
00000000 00000001 51000003 51000007
10000000 10000001 51000003 51000007
20000000 20000001 51000003 51000007
30000000 30000001 51000003 51000007
40000000 40000001 51000003 51000007
50000000 50000001 51000003 51000007
60000000 60000001 51000003 51000007
70000000 70000001 51000003 51000007
80000000 80000001 51000003 51000007
90000000 90000001 51000003 51000007
a0000000 a0000001 51000003 51000007
b0000000 b0000001 51000003 51000007
c0000000 c0000001 51000003 51000007
d0000000 d0000001 51000003 51000007
e0000000 e0000001 51000003 51000007
f0000000 f0000001 51000003 51000007
00000000 00000001 51000003 51000007
1000e060 10000000 51000003 51000007
a000e09f a00fffff 51000003 51000007
b0000000 b0000000 51000003 51000007
c0000000 c0000001 51000003 51000007
d0000000 d0000001 51000003 51000007
e0000000 e0000001 51000003 51000007
f0000000 f0000001 51000003 51000007
00000000 00000001 51000003 51000007
10000000 10000001 51000003 51000007
20000000 20000001 51000003 51000007
30000000 30000001 51000003 51000007
40000000 40000001 51000003 51000007
50000000 50000001 51000003 51000007
60000000 60000001 51000003 51000007
70000000 70000001 51000003 51000007
80000000 80000001 51000003 51000007
90000000 90000001 51000003 51000007
a0000000 a0000001 51000003 51000007
b0000000 b0000001 51000003 51000007
c0000000 c0000001 51000003 51000007
d0000000 d0000001 51000003 51000007
e0000000 e0000001 51000003 51000007
f0000000 f0000001 51000003 51000007
00000000 00000001 51000003 51000007
1000e080 10000000 51000003 51000007
a000e0bf a00fffff 51000003 51000007
b0000420 b0082082 51000003 51000007
c0002a0d c00895e5 51000003 51000007
d0001e12 d00ea604 51000003 51000007
e0000000 e0000001 51000003 51000007
f0000000 f0000001 51000003 51000007
00000000 00000001 51000003 51000007
10000000 10000001 51000003 51000007
20000000 20000001 51000003 51000007
30000000 30000001 51000003 51000007
40000000 40000001 51000003 51000007
50000000 50000001 51000003 51000007
60000000 60000001 51000003 51000007
70000000 70000001 51000003 51000007
80000000 80000001 51000003 51000007
90000000 90000001 51000003 51000007
a0000000 a0000001 51000003 51000007
b0000000 b0000001 51000003 51000007
c0000000 c0000001 51000003 51000007
d0000000 d0000001 51000003 51000007
e0000000 e0000001 51000003 51000007
f0000000 f0000001 51000003 51000007
00000000 00000001 51000003 51000007
1000e0a0 10000000 51000003 51000007
a000e0df a00fffff 51000003 51000007
b0000000 b0000000 51000003 51000007
c0000000 c0000001 51000003 51000007
d0000000 d0000001 51000003 51000007
e0000000 e0000001 51000003 51000007
f0000000 f0000001 51000003 51000007
00000000 00000001 51000003 51000007
10000000 10000001 51000003 51000007
20000000 20000001 51000003 51000007
30000000 30000001 51000003 51000007
40000000 40000001 51000003 51000007
50000000 50000001 51000003 51000007
60000000 60000001 51000003 51000007
70000000 70000001 51000003 51000007
80000000 80000001 51000003 51000007
90000000 90000001 51000003 51000007
a0000000 a0000001 51000003 51000007
b0000000 b0000001 51000003 51000007
c0000000 c0000001 51000003 51000007
d0000000 d0000001 51000003 51000007
e0000000 e0000001 51000003 51000007
f0000000 f0000001 51000003 51000007
00000000 00000001 51000003 51000007
1000e0c0 10000000 51000003 51000007
a000e0ff a00fffff 51000003 51000007
b0000000 b0000000 51000003 51000007
c0000000 c0000001 51000003 51000007
d0000000 d0000001 51000003 51000007
e0000000 e0000001 51000003 51000007
f0000000 f0000001 51000003 51000007
00000000 00000001 51000003 51000007
10000000 10000001 51000003 51000007
20000000 20000001 51000003 51000007
30000000 30000001 51000003 51000007
40000000 40000001 51000003 51000007
50000000 50000001 51000003 51000007
60000000 60000001 51000003 51000007
70000000 70000001 51000003 51000007
80000000 80000001 51000003 51000007
90000000 90000001 51000003 51000007
a0000000 a0000001 51000003 51000007
b0000000 b0000001 51000003 51000007
c0000000 c0000001 51000003 51000007
d0000000 d0000001 51000003 51000007
e0000000 e0000001 51000003 51000007
f0000000 f0000001 51000003 51000007
00000000 00000001 51000003 51000007
1000e0e0 10000000 51000003 51000007
a000e01f a00fffff 51000003 51000007
b0000000 b0000000 51000003 51000007
c0000000 c0000001 51000003 51000007
d0000000 d0000001 51000003 51000007
e0000000 e0000001 51000003 51000007
f0000000 f0000001 51000003 51000007
00000000 00000001 51000003 51000007
10000000 10000001 51000003 51000007
20000000 20000001 51000003 51000007
30000000 30000001 51000003 51000007
40000000 40000001 51000003 51000007
50000000 50000001 51000003 51000007
60000000 60000001 51000003 51000007
70000000 70000001 51000003 51000007
80000000 80000001 51000003 51000007
90000000 90000001 51000003 51000007
a0000000 a0000001 51000003 51000007
b0000000 b0000001 51000003 51000007
c0000000 c0000001 51000003 51000007
d0000000 d0000001 51000003 51000007
e0000000 e0000001 51000003 51000007
f0000000 f0000001 51000003 51000007
00000000 00000001 51000003 51000007
1000e000 10000000 51000003 51000007
a000e03f a00fffff 51000003 51000007
b0000000 b0000000 51000003 51000007
c0000000 c0000001 51000003 51000007
d0000000 d0000001 51000003 51000007
e0000000 e0000001 51000003 51000007
f0000000 f0000001 51000003 51000007
00000000 00000001 51000003 51000007
10000000 10000001 51000003 51000007
20000000 20000001 51000003 51000007
30000000 30000001 51000003 51000007
40000000 40000001 51000003 51000007
50000000 50000001 51000003 51000007
60000000 60000001 51000003 51000007
70000000 70000001 51000003 51000007
80000000 80000001 51000003 51000007
90000000 90000001 51000003 51000007
a0000000 a0000001 51000003 51000007
b0000000 b0000001 51000003 51000007
c0000000 c0000001 51000003 51000007
d0000000 d0000001 51000003 51000007
e0000000 e0000001 51000003 51000007
f0000000 f0000001 51000003 51000007
00000000 00000001 51000003 51000007
1000e020 10000000 51000003 51000007
